1
0.99999
1.00001
1.00004
1.00007
1.0001
1.00013
1.00016
1.0002
1.00023
1.00027
1.00031
1.00035
1.00039
1.00043
1.00047
1.00051
1.00055
1.0006
1.00064
1.00068
1.00073
1.00077
1.00082
1.00087
1.00091
1.00096
1.00101
1.00105
1.0011
1.00115
1.00119
1.00124
1.00129
1.00134
1.00138
1.00143
1.00148
1.00152
1.00157
1.00162
1.00167
1.00171
1.00176
1.00181
1.00185
1.0019
1.00195
1.00199
1.00204
1.00208
1.00213
1.00218
1.00222
1.00227
1.00231
1.00236
1.0024
1.00245
1.00249
1.00254
1.00258
1.00262
1.00267
1.00271
1.00275
1.0028
1.00284
1.00288
1.00293
1.00297
1.00301
1.00305
1.00309
1.00314
1.00318
1.00322
1.00326
1.0033
1.00334
1.00338
1.00342
1.00346
1.0035
1.00354
1.00358
1.00362
1.00366
1.0037
1.00374
1.00378
1.00382
1.00385
1.00389
1.00393
1.00397
1.00401
1.00405
1.00408
1.00412
1.00416
1.0042
1.00423
1.00427
1.00431
1.00434
1.00438
1.00442
1.00445
1.00449
1.00453
1.00456
1.0046
1.00463
1.00467
1.0047
1.00474
1.00477
1.00481
1.00485
1.00488
1.00492
1.00495
1.00498
1.00502
1.00505
1.00509
1.00512
1.00516
1.00519
1.00523
1.00526
1.00529
1.00533
1.00536
1.0054
1.00543
1.00546
1.0055
1.00553
1.00556
1.0056
1.00563
1.00566
1.0057
1.00573
1.00576
1.00579
1.00583
1.00586
1.00589
1.00593
1.00596
1.00599
1.00602
1.00606
1.00609
1.00612
1.00615
1.00619
1.00622
1.00625
1.00628
1.00631
1.00635
1.00638
1.00641
1.00644
1.00647
1.00651
1.00654
1.00657
1.0066
1.00663
1.00666
1.0067
1.00673
1.00676
1.00679
1.00682
1.00685
1.00688
1.00692
1.00695
1.00698
1.00701
1.00704
1.00707
1.0071
1.00714
1.00717
1.0072
1.00723
1.00726
1.00729
1.00732
1.00735
1.00738
1.00741
1.00745
1.00748
1.00751
1.00754
1.00757
1.0076
1.00763
1.00766
1.00769
1.00772
1.00775
1.00779
1.00782
1.00785
1.00788
1.00791
1.00794
1.00797
1.008
1.00803
1.00806
1.00809
1.00812
1.00815
1.00818
1.00821
1.00824
1.00827
1.00831
1.00834
1.00837
1.0084
1.00843
1.00846
1.00849
1.00852
1.00855
1.00858
1.00861
1.00864
1.00867
1.0087
1.00873
1.00876
1.00879
1.00882
1.00885
1.00888
1.00891
1.00894
1.00897
1.009
1.00903
1.00906
1.00909
1.00912
1.00915
1.00918
1.00921
1.00924
1.00928
1.00931
1.00934
1.00937
1.0094
1.00943
1.00946
1.00949
1.00952
1.00955
1.00958
1.00961
1.00964
1.00967
1.0097
1.00973
1.00976
1.00979
1.00982
1.00985
1.00988
1.00991
1.00994
1.00997
1.01
1.01003
1.01006
1.01009
1.01012
1.01015
1.01018
1.01021
1.01024
1.01027
1.0103
1.01033
1.01036
1.01039
1.01042
1.01045
1.01048
1.01051
1.01054
1.01057
1.0106
1.01063
1.01066
1.01069
1.01072
1.01075
1.01078
1.01081
1.01084
1.01087
1.0109
1.01093
1.01096
1.01099
1.01102
1.01105
1.01108
1.01111
1.01114
1.01117
1.0112
1.01123
1.01126
1.01129
1.01132
1.01135
1.01138
1.01141
1.01144
1.01147
1.0115
1.01153
1.01156
1.01159
1.01162
1.01165
1.01168
1.01171
1.01174
1.01177
1.0118
1.01183
1.01186
1.01189
1.01192
1.01195
1.01198
1.01201
1.01204
1.01207
1.0121
1.01213
1.01216
1.01219
1.01222
1.01225
1.01227
1.0123
1.01233
1.01236
1.01239
1.01242
1.01245
1.01248
1.01251
1.01254
1.01257
1.0126
1.01263
1.01266
1.01269
1.01272
1.01275
1.01278
1.01281
1.01284
1.01287
1.0129
1.01293
1.01296
1.01299
1.01302
1.01305
1.01308
1.01311
1.01314
1.01317
1.0132
1.01323
1.01326
1.01329
1.01332
1.01335
1.01338
1.01341
1.01344
1.01347
1.0135
1.01353
1.01356
1.01359
1.01362
1.01365
1.01368
1.01371
1.01374
1.01377
1.0138
1.01383
1.01386
1.01389
1.01392
1.01395
1.01398
1.01401
1.01404
1.01407
1.0141
1.01413
1.01416
1.01419
1.01422
1.01425
1.01428
1.01431
1.01434
1.01437
1.0144
1.01443
1.01446
1.01449
1.01452
1.01455
1.01458
1.01461
1.01463
1.01466
1.01469
1.01472
1.01475
1.01478
1.01481
1.01484
1.01487
1.0149
1.01493
1.01496
1.01499
1.01502
1.01505
1.01508
1.01511
1.01514
1.01517
1.0152
1.01523
1.01526
1.01529
1.01532
1.01535
1.01538
1.01541
1.01544
1.01547
1.0155
1.01553
1.01556
1.01559
1.01562
1.01565
1.01568
1.01571
1.01574
1.01577
1.0158
1.01583
1.01586
1.01589
1.01592
1.01595
1.01598
1.01601
1.01604
1.01607
1.0161
1.01613
1.01616
1.01619
1.01622
1.01625
1.01628
1.01631
1.01634
1.01637
1.0164
1.01643
1.01646
1.01649
1.01652
1.01655
1.01658
1.01661
1.01663
1.01666
1.01669
1.01672
1.01675
1.01678
1.01681
1.01684
1.01687
1.0169
1.01693
1.01696
1.01699
1.01702
1.01705
1.01708
1.01711
1.01714
1.01717
1.0172
1.01723
1.01726
1.01729
1.01732
1.01735
1.01738
1.01741
1.01744
1.01747
1.0175
1.01753
1.01756
1.01759
1.01762
1.01765
1.01768
1.01771
1.01774
1.01777
1.0178
1.01783
1.01786
1.01789
1.01792
1.01795
1.01798
1.01801
1.01804
1.01807
1.0181
1.01813
1.01816
1.01819
1.01822
1.01825
1.01828
1.01831
1.01834
1.01837
1.0184
1.01843
1.01846
1.01849
1.01851
1.01854
1.01857
1.0186
1.01863
1.01866
1.01869
1.01872
1.01875
1.01878
1.01881
1.01884
1.01887
1.0189
1.01893
1.01896
1.01899
1.01902
1.01905
1.01908
1.01911
1.01914
1.01917
1.0192
1.01923
1.01926
1.01929
1.01932
1.01935
1.01938
1.01941
1.01944
1.01947
1.0195
1.01953
1.01956
1.01959
1.01962
1.01965
1.01968
1.01971
1.01974
1.01977
1.0198
1.01983
1.01986
1.01989
1.01992
1.01995
1.01998
1.02001
1.02004
1.02007
1.0201
1.02013
1.02016
1.02019
1.02022
1.02025
1.02028
1.02031
1.02034
1.02036
1.02039
1.02042
1.02045
1.02048
1.02051
1.02054
1.02057
1.0206
1.02063
1.02066
1.02069
1.02072
1.02075
1.02078
1.02081
1.02084
1.02087
1.0209
1.02093
1.02096
1.02099
1.02102
1.02105
1.02108
1.02111
1.02114
1.02117
1.0212
1.02123
1.02126
1.02129
1.02132
1.02135
1.02138
1.02141
1.02144
1.02147
1.0215
1.02153
1.02156
1.02159
1.02162
1.02165
1.02168
1.02171
1.02174
1.02177
1.0218
1.02183
1.02186
1.02189
1.02192
1.02195
1.02198
1.02201
1.02204
1.02207
1.0221
1.02213
1.02215
1.02218
1.02221
1.02224
1.02227
1.0223
1.02233
1.02236
1.02239
1.02242
1.02245
1.02248
1.02251
1.02254
1.02257
1.0226
1.02263
1.02266
1.02269
1.02272
1.02275
1.02278
1.02281
1.02284
1.02287
1.0229
1.02293
1.02296
1.02299
1.02302
1.02305
1.02308
1.02311
1.02314
1.02317
1.0232
1.02323
1.02326
1.02329
1.02332
1.02335
1.02338
1.02341
1.02344
1.02347
1.0235
1.02353
1.02356
1.02359
1.02362
1.02365
1.02368
1.02371
1.02374
1.02377
1.0238
1.02383
1.02386
1.02388
1.02391
1.02394
1.02397
1.024
1.02403
1.02406
1.02409
1.02412
1.02415
1.02418
1.02421
1.02424
1.02427
1.0243
1.02433
1.02436
1.02439
1.02442
1.02445
1.02448
1.02451
1.02454
1.02457
1.0246
1.02463
1.02466
1.02469
1.02472
1.02475
1.02478
1.02481
1.02484
1.02487
1.0249
1.02493
1.02496
1.02499
1.02502
1.02505
1.02508
1.02511
1.02514
1.02517
1.0252
1.02523
1.02526
1.02529
1.02532
1.02535
1.02538
1.02541
1.02544
1.02547
1.0255
1.02553
1.02556
1.02558
1.02561
1.02564
1.02567
1.0257
1.02573
1.02576
1.02579
1.02582
1.02585
1.02588
1.02591
1.02594
1.02597
1.026
1.02603
1.02606
1.02609
1.02612
1.02615
1.02618
1.02621
1.02624
1.02627
1.0263
1.02633
1.02636
1.02639
1.02642
1.02645
1.02648
1.02651
1.02654
1.02657
1.0266
1.02663
1.02666
1.02669
1.02672
1.02675
1.02678
1.02681
1.02684
1.02687
1.0269
1.02693
1.02696
1.02699
1.02702
1.02705
1.02708
1.02711
1.02714
1.02717
1.0272
1.02723
1.02725
1.02728
1.02731
1.02734
1.02737
1.0274
1.02743
1.02746
1.02749
1.02752
1.02755
1.02758
1.02761
1.02764
1.02767
1.0277
1.02773
1.02776
1.02779
1.02782
1.02785
1.02788
1.02791
1.02794
1.02797
1.028
1.02803
1.02806
1.02809
1.02812
1.02815
1.02818
1.02821
1.02824
1.02827
1.0283
1.02833
1.02836
1.02839
1.02842
1.02845
1.02848
1.02851
1.02854
1.02857
1.0286
1.02863
1.02866
1.02869
1.02872
1.02875
1.02878
1.02881
1.02884
1.02887
1.02889
1.02892
1.02895
1.02898
1.02901
1.02904
1.02907
1.0291
1.02913
1.02916
1.02919
1.02922
1.02925
1.02928
1.02931
1.02934
1.02937
1.0294
1.02943
1.02946
1.02949
1.02952
1.02955
1.02958
1.02961
1.02964
1.02967
1.0297
1.02973
1.02976
1.02979
1.02982
1.02985
1.02988
1.02991
1.02994
1.02997
1.03
1.03003
1.03006
1.03009
1.03012
1.03015
1.03018
1.03021
1.03024
1.03027
1.0303
1.03033
1.03036
1.03039
1.03042
1.03045
1.03048
1.0305
1.03053
1.03056
1.03059
1.03062
1.03065
1.03068
1.03071
1.03074
1.03077
1.0308
1.03083
1.03086
1.03089
1.03092
1.03095
1.03098
1.03101
1.03104
1.03107
1.0311
1.03113
1.03116
1.03119
1.03122
1.03125
1.03128
1.03131
1.03134
1.03137
1.0314
1.03143
1.03146
1.03149
1.03152
1.03155
1.03158
1.03161
1.03164
1.03167
1.0317
1.03173
1.03176
1.03179
1.03182
1.03185
1.03188
1.03191
1.03194
1.03197
1.032
1.03203
1.03206
1.03208
1.03211
1.03214
1.03217
1.0322
1.03223
1.03226
1.03229
1.03232
1.03235
1.03238
1.03241
1.03244
1.03247
1.0325
1.03253
1.03256
1.03259
1.03262
1.03265
1.03268
1.03271
1.03274
1.03277
1.0328
1.03283
1.03286
1.03289
1.03292
1.03295
1.03298
1.03301
1.03304
1.03307
1.0331
1.03313
1.03316
1.03319
1.03322
1.03325
1.03328
1.03331
1.03334
1.03337
1.0334
1.03343
1.03346
1.03349
1.03352
1.03355
1.03358
1.0336
1.03363
1.03366
1.03369
1.03372
1.03375
1.03378
1.03381
1.03384
1.03387
1.0339
1.03393
1.03396
1.03399
1.03402
1.03405
1.03408
1.03411
1.03414
1.03417
1.0342
1.03423
1.03426
1.03429
1.03432
1.03435
1.03438
1.03441
1.03444
1.03447
1.0345
1.03453
1.03456
1.03459
1.03462
1.03465
1.03468
1.03471
1.03474
1.03477
1.0348
1.03483
1.03486
1.03489
1.03492
1.03495
1.03498
1.03501
1.03504
1.03507
1.0351
1.03512
1.03515
1.03518
1.03521
1.03524
1.03527
1.0353
1.03533
1.03536
1.03539
1.03542
1.03545
1.03548
1.03551
1.03554
1.03557
1.0356
1.03563
1.03566
1.03569
1.03572
1.03575
1.03578
1.03581
1.03584
1.03587
1.0359
1.03593
1.03596
1.03599
1.03602
1.03605
1.03608
1.03611
1.03614
1.03617
1.0362
1.03623
1.03626
1.03629
1.03632
1.03635
1.03638
1.03641
1.03644
1.03647
1.0365
1.03653
1.03656
1.03659
1.03661
1.03664
1.03667
1.0367
1.03673
1.03676
1.03679
1.03682
1.03685
1.03688
1.03691
1.03694
1.03697
1.037
1.03703
1.03706
1.03709
1.03712
1.03715
1.03718
1.03721
1.03724
1.03727
1.0373
1.03733
1.03736
1.03739
1.03742
1.03745
1.03748
1.03751
1.03754
1.03757
1.0376
1.03763
1.03766
1.03769
1.03772
1.03775
1.03778
1.03781
1.03784
1.03787
1.0379
1.03793
1.03796
1.03799
1.03802
1.03805
1.03807
1.0381
1.03813
1.03816
1.03819
1.03822
1.03825
1.03828
1.03831
1.03834
1.03837
1.0384
1.03843
1.03846
1.03849
1.03852
1.03855
1.03858
1.03861
1.03864
1.03867
1.0387
1.03873
1.03876
1.03879
1.03882
1.03885
1.03888
1.03891
1.03894
1.03897
1.039
1.03903
1.03906
1.03909
1.03912
1.03915
1.03918
1.03921
1.03924
1.03927
1.0393
1.03933
1.03936
1.03939
1.03942
1.03945
1.03947
1.0395
1.03953
1.03956
1.03959
1.03962
1.03965
1.03968
1.03971
1.03974
1.03977
1.0398
1.03983
1.03986
1.03989
1.03992
1.03995
1.03998
1.04001
1.04004
1.04007
1.0401
1.04013
1.04016
1.04019
1.04022
1.04025
1.04028
1.04031
1.04034
1.04037
1.0404
1.04043
1.04046
1.04049
1.04052
1.04055
1.04058
1.04061
1.04064
1.04067
1.0407
1.04073
1.04076
1.04079
1.04082
1.04085
1.04088
1.0409
1.04093
1.04096
1.04099
1.04102
1.04105
1.04108
1.04111
1.04114
1.04117
1.0412
1.04123
1.04126
1.04129
1.04132
1.04135
1.04138
1.04141
1.04144
1.04147
1.0415
1.04153
1.04156
1.04159
1.04162
1.04165
1.04168
1.04171
1.04174
1.04177
1.0418
1.04183
1.04186
1.04189
1.04192
1.04195
1.04198
1.04201
1.04204
1.04207
1.0421
1.04213
1.04216
1.04219
1.04222
1.04225
1.04227
1.0423
1.04233
1.04236
1.04239
1.04242
1.04245
1.04248
1.04251
1.04254
1.04257
1.0426
1.04263
1.04266
1.04269
1.04272
1.04275
1.04278
1.04281
1.04284
1.04287
1.0429
1.04293
1.04296
1.04299
1.04302
1.04305
1.04308
1.04311
1.04314
1.04317
1.0432
1.04323
1.04326
1.04329
1.04332
1.04335
1.04338
1.04341
1.04344
1.04347
1.0435
1.04353
1.04356
1.04359
1.04362
1.04364
1.04367
1.0437
1.04373
1.04376
1.04379
1.04382
1.04385
1.04388
1.04391
1.04394
1.04397
1.044
1.04403
1.04406
1.04409
1.04412
1.04415
1.04418
1.04421
1.04424
1.04427
1.0443
1.04433
1.04436
1.04439
1.04442
1.04445
1.04448
1.04451
1.04454
1.04457
1.0446
1.04463
1.04466
1.04469
1.04472
1.04475
1.04478
1.04481
1.04484
1.04487
1.0449
1.04493
1.04496
1.04498
1.04501
1.04504
1.04507
1.0451
1.04513
1.04516
1.04519
1.04522
1.04525
1.04528
1.04531
1.04534
1.04537
1.0454
1.04543
1.04546
1.04549
1.04552
1.04555
1.04558
1.04561
1.04564
1.04567
1.0457
1.04573
1.04576
1.04579
1.04582
1.04585
1.04588
1.04591
1.04594
1.04597
1.046
1.04603
1.04606
1.04609
1.04612
1.04615
1.04618
1.04621
1.04624
1.04627
1.04629
1.04632
1.04635
1.04638
1.04641
1.04644
1.04647
1.0465
1.04653
1.04656
1.04659
1.04662
1.04665
1.04668
1.04671
1.04674
1.04677
1.0468
1.04683
1.04686
1.04689
1.04692
1.04695
1.04698
1.04701
1.04704
1.04707
1.0471
1.04713
1.04716
1.04719
1.04722
1.04725
1.04728
1.04731
1.04734
1.04737
1.0474
1.04743
1.04746
1.04749
1.04752
1.04755
1.04758
1.0476
1.04763
1.04766
1.04769
1.04772
1.04775
1.04778
1.04781
1.04784
1.04787
1.0479
1.04793
1.04796
1.04799
1.04802
1.04805
1.04808
1.04811
1.04814
1.04817
1.0482
1.04823
1.04826
1.04829
1.04832
1.04835
1.04838
1.04841
1.04844
1.04847
1.0485
1.04853
1.04856
1.04859
1.04862
1.04865
1.04868
1.04871
1.04874
1.04877
1.0488
1.04883
1.04886
1.04888
1.04891
1.04894
1.04897
1.049
1.04903
1.04906
1.04909
1.04912
1.04915
1.04918
1.04921
1.04924
1.04927
1.0493
1.04933
1.04936
1.04939
1.04942
1.04945
1.04948
1.04951
1.04954
1.04957
1.0496
1.04963
1.04966
1.04969
1.04972
1.04975
1.04978
1.04981
1.04984
1.04987
1.0499
1.04993
1.04996
1.04999
1.05002
1.05005
1.05008
1.05011
1.05014
1.05016
1.05019
1.05022
1.05025
1.05028
1.05031
1.05034
1.05037
1.0504
1.05043
1.05046
1.05049
1.05052
1.05055
1.05058
1.05061
1.05064
1.05067
1.0507
1.05073
1.05076
1.05079
1.05082
1.05085
1.05088
1.05091
1.05094
1.05097
1.051
1.05103
1.05106
1.05109
1.05112
1.05115
1.05118
1.05121
1.05124
1.05127
1.0513
1.05133
1.05136
1.05139
1.05141
1.05144
1.05147
1.0515
1.05153
1.05156
1.05159
1.05162
1.05165
1.05168
1.05171
1.05174
1.05177
1.0518
1.05183
1.05186
1.05189
1.05192
1.05195
1.05198
1.05201
1.05204
1.05207
1.0521
1.05213
1.05216
1.05219
1.05222
1.05225
1.05228
1.05231
1.05234
1.05237
1.0524
1.05243
1.05246
1.05249
1.05252
1.05255
1.05258
1.05261
1.05264
1.05266
1.05269
1.05272
1.05275
1.05278
1.05281
1.05284
1.05287
1.0529
1.05293
1.05296
1.05299
1.05302
1.05305
1.05308
1.05311
1.05314
1.05317
1.0532
1.05323
1.05326
1.05329
1.05332
1.05335
1.05338
1.05341
1.05344
1.05347
1.0535
1.05353
1.05356
1.05359
1.05362
1.05365
1.05368
1.05371
1.05374
1.05377
1.0538
1.05383
1.05386
1.05388
1.05391
1.05394
1.05397
1.054
1.05403
1.05406
1.05409
1.05412
1.05415
1.05418
1.05421
1.05424
1.05427
1.0543
1.05433
1.05436
1.05439
1.05442
1.05445
1.05448
1.05451
1.05454
1.05457
1.0546
1.05463
1.05466
1.05469
1.05472
1.05475
1.05478
1.05481
1.05484
1.05487
1.0549
1.05493
1.05496
1.05499
1.05502
1.05505
1.05508
1.0551
1.05513
1.05516
1.05519
1.05522
1.05525
1.05528
1.05531
1.05534
1.05537
1.0554
1.05543
1.05546
1.05549
1.05552
1.05555
1.05558
1.05561
1.05564
1.05567
1.0557
1.05573
1.05576
1.05579
1.05582
1.05585
1.05588
1.05591
1.05594
1.05597
1.056
1.05603
1.05606
1.05609
1.05612
1.05615
1.05618
1.05621
1.05624
1.05627
1.05629
1.05632
1.05635
1.05638
1.05641
1.05644
1.05647
1.0565
1.05653
1.05656
1.05659
1.05662
1.05665
1.05668
1.05671
1.05674
1.05677
1.0568
1.05683
1.05686
1.05689
1.05692
1.05695
1.05698
1.05701
1.05704
1.05707
1.0571
1.05713
1.05716
1.05719
1.05722
1.05725
1.05728
1.05731
1.05734
1.05737
1.0574
1.05743
1.05746
1.05748
1.05751
1.05754
1.05757
1.0576
1.05763
1.05766
1.05769
1.05772
1.05775
1.05778
1.05781
1.05784
1.05787
1.0579
1.05793
1.05796
1.05799
1.05802
1.05805
1.05808
1.05811
1.05814
1.05817
1.0582
1.05823
1.05826
1.05829
1.05832
1.05835
1.05838
1.05841
1.05844
1.05847
1.0585
1.05853
1.05856
1.05859
1.05862
1.05864
1.05867
1.0587
1.05873
1.05876
1.05879
1.05882
1.05885
1.05888
1.05891
1.05894
1.05897
1.059
1.05903
1.05906
1.05909
1.05912
1.05915
1.05918
1.05921
1.05924
1.05927
1.0593
1.05933
1.05936
1.05939
1.05942
1.05945
1.05948
1.05951
1.05954
1.05957
1.0596
1.05963
1.05966
1.05969
1.05972
1.05975
1.05978
1.0598
1.05983
1.05986
1.05989
1.05992
1.05995
1.05998
1.06001
1.06004
1.06007
1.0601
1.06013
1.06016
1.06019
1.06022
1.06025
1.06028
1.06031
1.06034
1.06037
1.0604
1.06043
1.06046
1.06049
1.06052
1.06055
1.06058
1.06061
1.06064
1.06067
1.0607
1.06073
1.06076
1.06079
1.06082
1.06085
1.06088
1.06091
1.06093
1.06096
1.06099
1.06102
1.06105
1.06108
1.06111
1.06114
1.06117
1.0612
1.06123
1.06126
1.06129
1.06132
1.06135
1.06138
1.06141
1.06144
1.06147
1.0615
1.06153
1.06156
1.06159
1.06162
1.06165
1.06168
1.06171
1.06174
1.06177
1.0618
1.06183
1.06186
1.06189
1.06192
1.06195
1.06198
1.06201
1.06204
1.06206
1.06209
1.06212
1.06215
1.06218
1.06221
1.06224
1.06227
1.0623
1.06233
1.06236
1.06239
1.06242
1.06245
1.06248
1.06251
1.06254
1.06257
1.0626
1.06263
1.06266
1.06269
1.06272
1.06275
1.06278
1.06281
1.06284
1.06287
1.0629
1.06293
1.06296
1.06299
1.06302
1.06305
1.06308
1.06311
1.06314
1.06316
1.06319
1.06322
1.06325
1.06328
1.06331
1.06334
1.06337
1.0634
1.06343
1.06346
1.06349
1.06352
1.06355
1.06358
1.06361
1.06364
1.06367
1.0637
1.06373
1.06376
1.06379
1.06382
1.06385
1.06388
1.06391
1.06394
1.06397
1.064
1.06403
1.06406
1.06409
1.06412
1.06415
1.06418
1.06421
1.06424
1.06426
1.06429
1.06432
1.06435
1.06438
1.06441
1.06444
1.06447
1.0645
1.06453
1.06456
1.06459
1.06462
1.06465
1.06468
1.06471
1.06474
1.06477
1.0648
1.06483
1.06486
1.06489
1.06492
1.06495
1.06498
1.06501
1.06504
1.06507
1.0651
1.06513
1.06516
1.06519
1.06522
1.06525
1.06528
1.06531
1.06534
1.06536
1.06539
1.06542
1.06545
1.06548
1.06551
1.06554
1.06557
1.0656
1.06563
1.06566
1.06569
1.06572
1.06575
1.06578
1.06581
1.06584
1.06587
1.0659
1.06593
1.06596
1.06599
1.06602
1.06605
1.06608
1.06611
1.06614
1.06617
1.0662
1.06623
1.06626
1.06629
1.06632
1.06635
1.06638
1.06641
1.06643
1.06646
1.06649
1.06652
1.06655
1.06658
1.06661
1.06664
1.06667
1.0667
1.06673
1.06676
1.06679
1.06682
1.06685
1.06688
1.06691
1.06694
1.06697
1.067
1.06703
1.06706
1.06709
1.06712
1.06715
1.06718
1.06721
1.06724
1.06727
1.0673
1.06733
1.06736
1.06739
1.06742
1.06745
1.06748
1.0675
1.06753
1.06756
1.06759
1.06762
1.06765
1.06768
1.06771
1.06774
1.06777
1.0678
1.06783
1.06786
1.06789
1.06792
1.06795
1.06798
1.06801
1.06804
1.06807
1.0681
1.06813
1.06816
1.06819
1.06822
1.06825
1.06828
1.06831
1.06834
1.06837
1.0684
1.06843
1.06846
1.06849
1.06852
1.06855
1.06857
1.0686
1.06863
1.06866
1.06869
1.06872
1.06875
1.06878
1.06881
1.06884
1.06887
1.0689
1.06893
1.06896
1.06899
1.06902
1.06905
1.06908
1.06911
1.06914
1.06917
1.0692
1.06923
1.06926
1.06929
1.06932
1.06935
1.06938
1.06941
1.06944
1.06947
1.0695
1.06953
1.06956
1.06959
1.06961
1.06964
1.06967
1.0697
1.06973
1.06976
1.06979
1.06982
1.06985
1.06988
1.06991
1.06994
1.06997
1.07
1.07003
1.07006
1.07009
1.07012
1.07015
1.07018
1.07021
1.07024
1.07027
1.0703
1.07033
1.07036
1.07039
1.07042
1.07045
1.07048
1.07051
1.07054
1.07057
1.0706
1.07063
1.07065
1.07068
1.07071
1.07074
1.07077
1.0708
1.07083
1.07086
1.07089
1.07092
1.07095
1.07098
1.07101
1.07104
1.07107
1.0711
1.07113
1.07116
1.07119
1.07122
1.07125
1.07128
1.07131
1.07134
1.07137
1.0714
1.07143
1.07146
1.07149
1.07152
1.07155
1.07158
1.07161
1.07164
1.07167
1.07169
1.07172
1.07175
1.07178
1.07181
1.07184
1.07187
1.0719
1.07193
1.07196
1.07199
1.07202
1.07205
1.07208
1.07211
1.07214
1.07217
1.0722
1.07223
1.07226
1.07229
1.07232
1.07235
1.07238
1.07241
1.07244
1.07247
1.0725
1.07253
1.07256
1.07259
1.07262
1.07265
1.07268
1.0727
1.07273
1.07276
1.07279
1.07282
1.07285
1.07288
1.07291
1.07294
1.07297
1.073
1.07303
1.07306
1.07309
1.07312
1.07315
1.07318
1.07321
1.07324
1.07327
1.0733
1.07333
1.07336
1.07339
1.07342
1.07345
1.07348
1.07351
1.07354
1.07357
1.0736
1.07363
1.07366
1.07369
1.07371
1.07374
1.07377
1.0738
1.07383
1.07386
1.07389
1.07392
1.07395
1.07398
1.07401
1.07404
1.07407
1.0741
1.07413
1.07416
1.07419
1.07422
1.07425
1.07428
1.07431
1.07434
1.07437
1.0744
1.07443
1.07446
1.07449
1.07452
1.07455
1.07458
1.07461
1.07464
1.07467
1.0747
1.07472
1.07475
1.07478
1.07481
1.07484
1.07487
1.0749
1.07493
1.07496
1.07499
1.07502
1.07505
1.07508
1.07511
1.07514
1.07517
1.0752
1.07523
1.07526
1.07529
1.07532
1.07535
1.07538
1.07541
1.07544
1.07547
1.0755
1.07553
1.07556
1.07559
1.07562
1.07565
1.07568
1.07571
1.07573
1.07576
1.07579
1.07582
1.07585
1.07588
1.07591
1.07594
1.07597
1.076
1.07603
1.07606
1.07609
1.07612
1.07615
1.07618
1.07621
1.07624
1.07627
1.0763
1.07633
1.07636
1.07639
1.07642
1.07645
1.07648
1.07651
1.07654
1.07657
1.0766
1.07663
1.07666
1.07669
1.07671
1.07674
1.07677
1.0768
1.07683
1.07686
1.07689
1.07692
1.07695
1.07698
1.07701
1.07704
1.07707
1.0771
1.07713
1.07716
1.07719
1.07722
1.07725
1.07728
1.07731
1.07734
1.07737
1.0774
1.07743
1.07746
1.07749
1.07752
1.07755
1.07758
1.07761
1.07764
1.07767
1.07769
1.07772
1.07775
1.07778
1.07781
1.07784
1.07787
1.0779
1.07793
1.07796
1.07799
1.07802
1.07805
1.07808
1.07811
1.07814
1.07817
1.0782
1.07823
1.07826
1.07829
1.07832
1.07835
1.07838
1.07841
1.07844
1.07847
1.0785
1.07853
1.07856
1.07859
1.07862
1.07865
1.07867
1.0787
1.07873
1.07876
1.07879
1.07882
1.07885
1.07888
1.07891
1.07894
1.07897
1.079
1.07903
1.07906
1.07909
1.07912
1.07915
1.07918
1.07921
1.07924
1.07927
1.0793
1.07933
1.07936
1.07939
1.07942
1.07945
1.07948
1.07951
1.07954
1.07957
1.0796
1.07962
1.07965
1.07968
1.07971
1.07974
1.07977
1.0798
1.07983
1.07986
1.07989
1.07992
1.07995
1.07998
1.08001
1.08004
1.08007
1.0801
1.08013
1.08016
1.08019
1.08022
1.08025
1.08028
1.08031
1.08034
1.08037
1.0804
1.08043
1.08046
1.08049
1.08052
1.08055
1.08057
1.0806
1.08063
1.08066
1.08069
1.08072
1.08075
1.08078
1.08081
1.08084
1.08087
1.0809
1.08093
1.08096
1.08099
1.08102
1.08105
1.08108
1.08111
1.08114
1.08117
1.0812
1.08123
1.08126
1.08129
1.08132
1.08135
1.08138
1.08141
1.08144
1.08147
1.0815
1.08152
1.08155
1.08158
1.08161
1.08164
1.08167
1.0817
1.08173
1.08176
1.08179
1.08182
1.08185
1.08188
1.08191
1.08194
1.08197
1.082
1.08203
1.08206
1.08209
1.08212
1.08215
1.08218
1.08221
1.08224
1.08227
1.0823
1.08233
1.08236
1.08239
1.08242
1.08245
1.08247
1.0825
1.08253
1.08256
1.08259
1.08262
1.08265
1.08268
1.08271
1.08274
1.08277
1.0828
1.08283
1.08286
1.08289
1.08292
1.08295
1.08298
1.08301
1.08304
1.08307
1.0831
1.08313
1.08316
1.08319
1.08322
1.08325
1.08328
1.08331
1.08334
1.08337
1.08339
1.08342
1.08345
1.08348
1.08351
1.08354
1.08357
1.0836
1.08363
1.08366
1.08369
1.08372
1.08375
1.08378
1.08381
1.08384
1.08387
1.0839
1.08393
1.08396
1.08399
1.08402
1.08405
1.08408
1.08411
1.08414
1.08417
1.0842
1.08423
1.08426
1.08429
1.08432
1.08434
1.08437
1.0844
1.08443
1.08446
1.08449
1.08452
1.08455
1.08458
1.08461
1.08464
1.08467
1.0847
1.08473
1.08476
1.08479
1.08482
1.08485
1.08488
1.08491
1.08494
1.08497
1.085
1.08503
1.08506
1.08509
1.08512
1.08515
1.08518
1.08521
1.08524
1.08526
1.08529
1.08532
1.08535
1.08538
1.08541
1.08544
1.08547
1.0855
1.08553
1.08556
1.08559
1.08562
1.08565
1.08568
1.08571
1.08574
1.08577
1.0858
1.08583
1.08586
1.08589
1.08592
1.08595
1.08598
1.08601
1.08604
1.08607
1.0861
1.08613
1.08615
1.08618
1.08621
1.08624
1.08627
1.0863
1.08633
1.08636
1.08639
1.08642
1.08645
1.08648
1.08651
1.08654
1.08657
1.0866
1.08663
1.08666
1.08669
1.08672
1.08675
1.08678
1.08681
1.08684
1.08687
1.0869
1.08693
1.08696
1.08699
1.08702
1.08705
1.08707
1.0871
1.08713
1.08716
1.08719
1.08722
1.08725
1.08728
1.08731
1.08734
1.08737
1.0874
1.08743
1.08746
1.08749
1.08752
1.08755
1.08758
1.08761
1.08764
1.08767
1.0877
1.08773
1.08776
1.08779
1.08782
1.08785
1.08788
1.08791
1.08794
1.08796
1.08799
1.08802
1.08805
1.08808
1.08811
1.08814
1.08817
1.0882
1.08823
1.08826
1.08829
1.08832
1.08835
1.08838
1.08841
1.08844
1.08847
1.0885
1.08853
1.08856
1.08859
1.08862
1.08865
1.08868
1.08871
1.08874
1.08877
1.0888
1.08883
1.08885
1.08888
1.08891
1.08894
1.08897
1.089
1.08903
1.08906
1.08909
1.08912
1.08915
1.08918
1.08921
1.08924
1.08927
1.0893
1.08933
1.08936
1.08939
1.08942
1.08945
1.08948
1.08951
1.08954
1.08957
1.0896
1.08963
1.08966
1.08969
1.08972
1.08974
1.08977
1.0898
1.08983
1.08986
1.08989
1.08992
1.08995
1.08998
1.09001
1.09004
1.09007
1.0901
1.09013
1.09016
1.09019
1.09022
1.09025
1.09028
1.09031
1.09034
1.09037
1.0904
1.09043
1.09046
1.09049
1.09052
1.09055
1.09058
1.0906
1.09063
1.09066
1.09069
1.09072
1.09075
1.09078
1.09081
1.09084
1.09087
1.0909
1.09093
1.09096
1.09099
1.09102
1.09105
1.09108
1.09111
1.09114
1.09117
1.0912
1.09123
1.09126
1.09129
1.09132
1.09135
1.09138
1.09141
1.09144
1.09147
1.09149
1.09152
1.09155
1.09158
1.09161
1.09164
1.09167
1.0917
1.09173
1.09176
1.09179
1.09182
1.09185
1.09188
1.09191
1.09194
1.09197
1.092
1.09203
1.09206
1.09209
1.09212
1.09215
1.09218
1.09221
1.09224
1.09227
1.0923
1.09233
1.09235
1.09238
1.09241
1.09244
1.09247
1.0925
1.09253
1.09256
1.09259
1.09262
1.09265
1.09268
1.09271
1.09274
1.09277
1.0928
1.09283
1.09286
1.09289
1.09292
1.09295
1.09298
1.09301
1.09304
1.09307
1.0931
1.09313
1.09316
1.09319
1.09321
1.09324
1.09327
1.0933
1.09333
1.09336
1.09339
1.09342
1.09345
1.09348
1.09351
1.09354
1.09357
1.0936
1.09363
1.09366
1.09369
1.09372
1.09375
1.09378
1.09381
1.09384
1.09387
1.0939
1.09393
1.09396
1.09399
1.09402
1.09405
1.09407
1.0941
1.09413
1.09416
1.09419
1.09422
1.09425
1.09428
1.09431
1.09434
1.09437
1.0944
1.09443
1.09446
1.09449
1.09452
1.09455
1.09458
1.09461
1.09464
1.09467
1.0947
1.09473
1.09476
1.09479
1.09482
1.09485
1.09488
1.09491
1.09493
1.09496
1.09499
1.09502
1.09505
1.09508
1.09511
1.09514
1.09517
1.0952
1.09523
1.09526
1.09529
1.09532
1.09535
1.09538
1.09541
1.09544
1.09547
1.0955
1.09553
1.09556
1.09559
1.09562
1.09565
1.09568
1.09571
1.09574
1.09576
1.09579
1.09582
1.09585
1.09588
1.09591
1.09594
1.09597
1.096
1.09603
1.09606
1.09609
1.09612
1.09615
1.09618
1.09621
1.09624
1.09627
1.0963
1.09633
1.09636
1.09639
1.09642
1.09645
1.09648
1.09651
1.09654
1.09657
1.09659
1.09662
1.09665
1.09668
1.09671
1.09674
1.09677
1.0968
1.09683
1.09686
1.09689
1.09692
1.09695
1.09698
1.09701
1.09704
1.09707
1.0971
1.09713
1.09716
1.09719
1.09722
1.09725
1.09728
1.09731
1.09734
1.09737
1.0974
1.09743
1.09745
1.09748
1.09751
1.09754
1.09757
1.0976
1.09763
1.09766
1.09769
1.09772
1.09775
1.09778
1.09781
1.09784
1.09787
1.0979
1.09793
1.09796
1.09799
1.09802
1.09805
1.09808
1.09811
1.09814
1.09817
1.0982
1.09823
1.09826
1.09828
1.09831
1.09834
1.09837
1.0984
1.09843
1.09846
1.09849
1.09852
1.09855
1.09858
1.09861
1.09864
1.09867
1.0987
1.09873
1.09876
1.09879
1.09882
1.09885
1.09888
1.09891
1.09894
1.09897
1.099
1.09903
1.09906
1.09908
1.09911
1.09914
1.09917
1.0992
1.09923
1.09926
1.09929
1.09932
1.09935
1.09938
1.09941
1.09944
1.09947
1.0995
1.09953
1.09956
1.09959
1.09962
1.09965
1.09968
1.09971
1.09974
1.09977
1.0998
1.09983
1.09986
1.09989
1.09991
1.09994
1.09997
1.1
1.10003
1.10006
1.10009
1.10012
1.10015
1.10018
1.10021
1.10024
1.10027
1.1003
1.10033
1.10036
1.10039
1.10042
1.10045
1.10048
1.10051
1.10054
1.10057
1.1006
1.10063
1.10066
1.10069
1.10072
1.10074
1.10077
1.1008
1.10083
1.10086
1.10089
1.10092
1.10095
1.10098
1.10101
1.10104
1.10107
1.1011
1.10113
1.10116
1.10119
1.10122
1.10125
1.10128
1.10131
1.10134
1.10137
1.1014
1.10143
1.10146
1.10149
1.10152
1.10154
1.10157
1.1016
1.10163
1.10166
1.10169
1.10172
1.10175
1.10178
1.10181
1.10184
1.10187
1.1019
1.10193
1.10196
1.10199
1.10202
1.10205
1.10208
1.10211
1.10214
1.10217
1.1022
1.10223
1.10226
1.10229
1.10232
1.10234
1.10237
1.1024
1.10243
1.10246
1.10249
1.10252
1.10255
1.10258
1.10261
1.10264
1.10267
1.1027
1.10273
1.10276
1.10279
1.10282
1.10285
1.10288
1.10291
1.10294
1.10297
1.103
1.10303
1.10306
1.10309
1.10312
1.10314
1.10317
1.1032
1.10323
1.10326
1.10329
1.10332
1.10335
1.10338
1.10341
1.10344
1.10347
1.1035
1.10353
1.10356
1.10359
1.10362
1.10365
1.10368
1.10371
1.10374
1.10377
1.1038
1.10383
1.10386
1.10389
1.10392
1.10394
1.10397
1.104
1.10403
1.10406
1.10409
1.10412
1.10415
1.10418
1.10421
1.10424
1.10427
1.1043
1.10433
1.10436
1.10439
1.10442
1.10445
1.10448
1.10451
1.10454
1.10457
1.1046
1.10463
1.10466
1.10469
1.10472
1.10474
1.10477
1.1048
1.10483
1.10486
1.10489
1.10492
1.10495
1.10498
1.10501
1.10504
1.10507
1.1051
1.10513
1.10516
1.10519
1.10522
1.10525
1.10528
1.10531
1.10534
1.10537
1.1054
1.10543
1.10546
1.10549
1.10551
1.10554
1.10557
1.1056
1.10563
1.10566
1.10569
1.10572
1.10575
1.10578
1.10581
1.10584
1.10587
1.1059
1.10593
1.10596
1.10599
1.10602
1.10605
1.10608
1.10611
1.10614
1.10617
1.1062
1.10623
1.10626
1.10629
1.10631
1.10634
1.10637
1.1064
1.10643
1.10646
1.10649
1.10652
1.10655
1.10658
1.10661
1.10664
1.10667
1.1067
1.10673
1.10676
1.10679
1.10682
1.10685
1.10688
1.10691
1.10694
1.10697
1.107
1.10703
1.10706
1.10708
1.10711
1.10714
1.10717
1.1072
1.10723
1.10726
1.10729
1.10732
1.10735
1.10738
1.10741
1.10744
1.10747
1.1075
1.10753
1.10756
1.10759
1.10762
1.10765
1.10768
1.10771
1.10774
1.10777
1.1078
1.10783
1.10785
1.10788
1.10791
1.10794
1.10797
1.108
1.10803
1.10806
1.10809
1.10812
1.10815
1.10818
1.10821
1.10824
1.10827
1.1083
1.10833
1.10836
1.10839
1.10842
1.10845
1.10848
1.10851
1.10854
1.10857
1.1086
1.10862
1.10865
1.10868
1.10871
1.10874
1.10877
1.1088
1.10883
1.10886
1.10889
1.10892
1.10895
1.10898
1.10901
1.10904
1.10907
1.1091
1.10913
1.10916
1.10919
1.10922
1.10925
1.10928
1.10931
1.10934
1.10937
1.10939
1.10942
1.10945
1.10948
1.10951
1.10954
1.10957
1.1096
1.10963
1.10966
1.10969
1.10972
1.10975
1.10978
1.10981
1.10984
1.10987
1.1099
1.10993
1.10996
1.10999
1.11002
1.11005
1.11008
1.11011
1.11014
1.11016
1.11019
1.11022
1.11025
1.11028
1.11031
1.11034
1.11037
1.1104
1.11043
1.11046
1.11049
1.11052
1.11055
1.11058
1.11061
1.11064
1.11067
1.1107
1.11073
1.11076
1.11079
1.11082
1.11085
1.11088
1.1109
1.11093
1.11096
1.11099
1.11102
1.11105
1.11108
1.11111
1.11114
1.11117
1.1112
1.11123
1.11126
1.11129
1.11132
1.11135
1.11138
1.11141
1.11144
1.11147
1.1115
1.11153
1.11156
1.11159
1.11162
1.11165
1.11167
1.1117
1.11173
1.11176
1.11179
1.11182
1.11185
1.11188
1.11191
1.11194
1.11197
1.112
1.11203
1.11206
1.11209
1.11212
1.11215
1.11218
1.11221
1.11224
1.11227
1.1123
1.11233
1.11236
1.11239
1.11241
1.11244
1.11247
1.1125
1.11253
1.11256
1.11259
1.11262
1.11265
1.11268
1.11271
1.11274
1.11277
1.1128
1.11283
1.11286
1.11289
1.11292
1.11295
1.11298
1.11301
1.11304
1.11307
1.1131
1.11313
1.11315
1.11318
1.11321
1.11324
1.11327
1.1133
1.11333
1.11336
1.11339
1.11342
1.11345
1.11348
1.11351
1.11354
1.11357
1.1136
1.11363
1.11366
1.11369
1.11372
1.11375
1.11378
1.11381
1.11384
1.11387
1.11389
1.11392
1.11395
1.11398
1.11401
1.11404
1.11407
1.1141
1.11413
1.11416
1.11419
1.11422
1.11425
1.11428
1.11431
1.11434
1.11437
1.1144
1.11443
1.11446
1.11449
1.11452
1.11455
1.11458
1.11461
1.11463
1.11466
1.11469
1.11472
1.11475
1.11478
1.11481
1.11484
1.11487
1.1149
1.11493
1.11496
1.11499
1.11502
1.11505
1.11508
1.11511
1.11514
1.11517
1.1152
1.11523
1.11526
1.11529
1.11532
1.11535
1.11537
1.1154
1.11543
1.11546
1.11549
1.11552
1.11555
1.11558
1.11561
1.11564
1.11567
1.1157
1.11573
1.11576
1.11579
1.11582
1.11585
1.11588
1.11591
1.11594
1.11597
1.116
1.11603
1.11606
1.11608
1.11611
1.11614
1.11617
1.1162
1.11623
1.11626
1.11629
1.11632
1.11635
1.11638
1.11641
1.11644
1.11647
1.1165
1.11653
1.11656
1.11659
1.11662
1.11665
1.11668
1.11671
1.11674
1.11677
1.1168
1.11682
1.11685
1.11688
1.11691
1.11694
1.11697
1.117
1.11703
1.11706
1.11709
1.11712
1.11715
1.11718
1.11721
1.11724
1.11727
1.1173
1.11733
1.11736
1.11739
1.11742
1.11745
1.11748
1.11751
1.11753
1.11756
1.11759
1.11762
1.11765
1.11768
1.11771
1.11774
1.11777
1.1178
1.11783
1.11786
1.11789
1.11792
1.11795
1.11798
1.11801
1.11804
1.11807
1.1181
1.11813
1.11816
1.11819
1.11822
1.11825
1.11827
1.1183
1.11833
1.11836
1.11839
1.11842
1.11845
1.11848
1.11851
1.11854
1.11857
1.1186
1.11863
1.11866
1.11869
1.11872
1.11875
1.11878
1.11881
1.11884
1.11887
1.1189
1.11893
1.11896
1.11898
1.11901
1.11904
1.11907
1.1191
1.11913
1.11916
1.11919
1.11922
1.11925
1.11928
1.11931
1.11934
1.11937
1.1194
1.11943
1.11946
1.11949
1.11952
1.11955
1.11958
1.11961
1.11964
1.11967
1.11969
1.11972
1.11975
1.11978
1.11981
1.11984
1.11987
1.1199
1.11993
1.11996
1.11999
1.12002
1.12005
1.12008
1.12011
1.12014
1.12017
1.1202
1.12023
1.12026
1.12029
1.12032
1.12035
1.12038
1.1204
1.12043
1.12046
1.12049
1.12052
1.12055
1.12058
1.12061
1.12064
1.12067
1.1207
1.12073
1.12076
1.12079
1.12082
1.12085
1.12088
1.12091
1.12094
1.12097
1.121
1.12103
1.12106
1.12109
1.12111
1.12114
1.12117
1.1212
1.12123
1.12126
1.12129
1.12132
1.12135
1.12138
1.12141
1.12144
1.12147
1.1215
1.12153
1.12156
1.12159
1.12162
1.12165
1.12168
1.12171
1.12174
1.12177
1.1218
1.12182
1.12185
1.12188
1.12191
1.12194
1.12197
1.122
1.12203
1.12206
1.12209
1.12212
1.12215
1.12218
1.12221
1.12224
1.12227
1.1223
1.12233
1.12236
1.12239
1.12242
1.12245
1.12248
1.1225
1.12253
1.12256
1.12259
1.12262
1.12265
1.12268
1.12271
1.12274
1.12277
1.1228
1.12283
1.12286
1.12289
1.12292
1.12295
1.12298
1.12301
1.12304
1.12307
1.1231
1.12313
1.12316
1.12319
1.12321
1.12324
1.12327
1.1233
1.12333
1.12336
1.12339
1.12342
1.12345
1.12348
1.12351
1.12354
1.12357
1.1236
1.12363
1.12366
1.12369
1.12372
1.12375
1.12378
1.12381
1.12384
1.12387
1.12389
1.12392
1.12395
1.12398
1.12401
1.12404
1.12407
1.1241
1.12413
1.12416
1.12419
1.12422
1.12425
1.12428
1.12431
1.12434
1.12437
1.1244
1.12443
1.12446
1.12449
1.12452
1.12455
1.12458
1.1246
1.12463
1.12466
1.12469
1.12472
1.12475
1.12478
1.12481
1.12484
1.12487
1.1249
1.12493
1.12496
1.12499
1.12502
1.12505
1.12508
1.12511
1.12514
1.12517
1.1252
1.12523
1.12526
1.12528
1.12531
1.12534
1.12537
1.1254
1.12543
1.12546
1.12549
1.12552
1.12555
1.12558
1.12561
1.12564
1.12567
1.1257
1.12573
1.12576
1.12579
1.12582
1.12585
1.12588
1.12591
1.12594
1.12596
1.12599
1.12602
1.12605
1.12608
1.12611
1.12614
1.12617
1.1262
1.12623
1.12626
1.12629
1.12632
1.12635
1.12638
1.12641
1.12644
1.12647
1.1265
1.12653
1.12656
1.12659
1.12662
1.12664
1.12667
1.1267
1.12673
1.12676
1.12679
1.12682
1.12685
1.12688
1.12691
1.12694
1.12697
1.127
1.12703
1.12706
1.12709
1.12712
1.12715
1.12718
1.12721
1.12724
1.12727
1.1273
1.12732
1.12735
1.12738
1.12741
1.12744
1.12747
1.1275
1.12753
1.12756
1.12759
1.12762
1.12765
1.12768
1.12771
1.12774
1.12777
1.1278
1.12783
1.12786
1.12789
1.12792
1.12795
1.12798
1.128
1.12803
1.12806
1.12809
1.12812
1.12815
1.12818
1.12821
1.12824
1.12827
1.1283
1.12833
1.12836
1.12839
1.12842
1.12845
1.12848
1.12851
1.12854
1.12857
1.1286
1.12863
1.12866
1.12868
1.12871
1.12874
1.12877
1.1288
1.12883
1.12886
1.12889
1.12892
1.12895
1.12898
1.12901
1.12904
1.12907
1.1291
1.12913
1.12916
1.12919
1.12922
1.12925
1.12928
1.12931
1.12933
1.12936
1.12939
1.12942
1.12945
1.12948
1.12951
1.12954
1.12957
1.1296
1.12963
1.12966
1.12969
1.12972
1.12975
1.12978
1.12981
1.12984
1.12987
1.1299
1.12993
1.12996
1.12999
1.13001
1.13004
1.13007
1.1301
1.13013
1.13016
1.13019
1.13022
1.13025
1.13028
1.13031
1.13034
1.13037
1.1304
1.13043
1.13046
1.13049
1.13052
1.13055
1.13058
1.13061
1.13064
1.13066
1.13069
1.13072
1.13075
1.13078
1.13081
1.13084
1.13087
1.1309
1.13093
1.13096
1.13099
1.13102
1.13105
1.13108
1.13111
1.13114
1.13117
1.1312
1.13123
1.13126
1.13129
1.13132
1.13134
1.13137
1.1314
1.13143
1.13146
1.13149
1.13152
1.13155
1.13158
1.13161
1.13164
1.13167
1.1317
1.13173
1.13176
1.13179
1.13182
1.13185
1.13188
1.13191
1.13194
1.13197
1.13199
1.13202
1.13205
1.13208
1.13211
1.13214
1.13217
1.1322
1.13223
1.13226
1.13229
1.13232
1.13235
1.13238
1.13241
1.13244
1.13247
1.1325
1.13253
1.13256
1.13259
1.13262
1.13264
1.13267
1.1327
1.13273
1.13276
1.13279
1.13282
1.13285
1.13288
1.13291
1.13294
1.13297
1.133
1.13303
1.13306
1.13309
1.13312
1.13315
1.13318
1.13321
1.13324
1.13327
1.13329
1.13332
1.13335
1.13338
1.13341
1.13344
1.13347
1.1335
1.13353
1.13356
1.13359
1.13362
1.13365
1.13368
1.13371
1.13374
1.13377
1.1338
1.13383
1.13386
1.13389
1.13392
1.13394
1.13397
1.134
1.13403
1.13406
1.13409
1.13412
1.13415
1.13418
1.13421
1.13424
1.13427
1.1343
1.13433
1.13436
1.13439
1.13442
1.13445
1.13448
1.13451
1.13454
1.13457
1.13459
1.13462
1.13465
1.13468
1.13471
1.13474
1.13477
1.1348
1.13483
1.13486
1.13489
1.13492
1.13495
1.13498
1.13501
1.13504
1.13507
1.1351
1.13513
1.13516
1.13519
1.13522
1.13524
1.13527
1.1353
1.13533
1.13536
1.13539
1.13542
1.13545
1.13548
1.13551
1.13554
1.13557
1.1356
1.13563
1.13566
1.13569
1.13572
1.13575
1.13578
1.13581
1.13584
1.13587
1.13589
1.13592
1.13595
1.13598
1.13601
1.13604
1.13607
1.1361
1.13613
1.13616
1.13619
1.13622
1.13625
1.13628
1.13631
1.13634
1.13637
1.1364
1.13643
1.13646
1.13649
1.13652
1.13654
1.13657
1.1366
1.13663
1.13666
1.13669
1.13672
1.13675
1.13678
1.13681
1.13684
1.13687
1.1369
1.13693
1.13696
1.13699
1.13702
1.13705
1.13708
1.13711
1.13714
1.13716
1.13719
1.13722
1.13725
1.13728
1.13731
1.13734
1.13737
1.1374
1.13743
1.13746
1.13749
1.13752
1.13755
1.13758
1.13761
1.13764
1.13767
1.1377
1.13773
1.13776
1.13779
1.13781
1.13784
1.13787
1.1379
1.13793
1.13796
1.13799
1.13802
1.13805
1.13808
1.13811
1.13814
1.13817
1.1382
1.13823
1.13826
1.13829
1.13832
1.13835
1.13838
1.13841
1.13843
1.13846
1.13849
1.13852
1.13855
1.13858
1.13861
1.13864
1.13867
1.1387
1.13873
1.13876
1.13879
1.13882
1.13885
1.13888
1.13891
1.13894
1.13897
1.139
1.13903
1.13905
1.13908
1.13911
1.13914
1.13917
1.1392
1.13923
1.13926
1.13929
1.13932
1.13935
1.13938
1.13941
1.13944
1.13947
1.1395
1.13953
1.13956
1.13959
1.13962
1.13965
1.13968
1.1397
1.13973
1.13976
1.13979
1.13982
1.13985
1.13988
1.13991
1.13994
1.13997
1.14
1.14003
1.14006
1.14009
1.14012
1.14015
1.14018
1.14021
1.14024
1.14027
1.1403
1.14032
1.14035
1.14038
1.14041
1.14044
1.14047
1.1405
1.14053
1.14056
1.14059
1.14062
1.14065
1.14068
1.14071
1.14074
1.14077
1.1408
1.14083
1.14086
1.14089
1.14092
1.14094
1.14097
1.141
1.14103
1.14106
1.14109
1.14112
1.14115
1.14118
1.14121
1.14124
1.14127
1.1413
1.14133
1.14136
1.14139
1.14142
1.14145
1.14148
1.14151
1.14154
1.14156
1.14159
1.14162
1.14165
1.14168
1.14171
1.14174
1.14177
1.1418
1.14183
1.14186
1.14189
1.14192
1.14195
1.14198
1.14201
1.14204
1.14207
1.1421
1.14213
1.14216
1.14218
1.14221
1.14224
1.14227
1.1423
1.14233
1.14236
1.14239
1.14242
1.14245
1.14248
1.14251
1.14254
1.14257
1.1426
1.14263
1.14266
1.14269
1.14272
1.14275
1.14278
1.1428
