-10
-9.95
-9.9
-9.85
-9.8
-9.75
-9.7
-9.65
-9.6
-9.55001
-9.50001
-9.45001
-9.40001
-9.35001
-9.30001
-9.25001
-9.20001
-9.15001
-9.10001
-9.05001
-9.00002
-8.95002
-8.90002
-8.85002
-8.80002
-8.75002
-8.70002
-8.65002
-8.60002
-8.55002
-8.50002
-8.45002
-8.40002
-8.35002
-8.30002
-8.25002
-8.20002
-8.15002
-8.10002
-8.05002
-8.00002
-7.95001
-7.90001
-7.85001
-7.80001
-7.75001
-7.70001
-7.65001
-7.60001
-7.55001
-7.50001
-7.45001
-7.40001
-7.35001
-7.30001
-7.25001
-7.2
-7.15
-7.1
-7.05
-7
-6.95
-6.9
-6.85
-6.8
-6.75
-6.7
-6.65
-6.6
-6.54999
-6.49999
-6.44999
-6.39999
-6.34999
-6.29999
-6.24999
-6.19999
-6.14999
-6.09999
-6.04999
-5.99999
-5.94999
-5.89999
-5.84999
-5.79998
-5.74998
-5.69998
-5.64998
-5.59998
-5.54998
-5.49998
-5.44998
-5.39998
-5.34998
-5.29998
-5.24998
-5.19998
-5.14998
-5.09998
-5.04998
-4.99998
-4.94998
-4.89997
-4.84997
-4.79997
-4.74997
-4.69997
-4.64997
-4.59997
-4.54997
-4.49997
-4.44997
-4.39997
-4.34997
-4.29997
-4.24997
-4.19997
-4.14997
-4.09997
-4.04997
-3.99997
-3.94997
-3.89997
-3.84997
-3.79997
-3.74997
-3.69997
-3.64996
-3.59996
-3.54996
-3.49996
-3.44996
-3.39996
-3.34996
-3.29996
-3.24996
-3.19996
-3.14996
-3.09996
-3.04996
-2.99996
-2.94996
-2.89996
-2.84996
-2.79996
-2.74996
-2.69996
-2.64996
-2.59996
-2.54996
-2.49996
-2.44996
-2.39996
-2.34996
-2.29996
-2.24996
-2.19996
-2.14996
-2.09996
-2.04996
-1.99996
-1.94996
-1.89996
-1.84995
-1.79995
-1.74995
-1.69995
-1.64995
-1.59995
-1.54995
-1.49995
-1.44995
-1.39995
-1.34995
-1.29995
-1.24995
-1.19995
-1.14995
-1.09995
-1.04995
-0.999951
-0.949951
-0.899951
-0.849951
-0.799951
-0.74995
-0.69995
-0.64995
-0.59995
-0.54995
-0.499949
-0.449949
-0.399949
-0.349949
-0.299949
-0.249949
-0.199948
-0.149948
-0.099948
-0.0499478
5.24099e-05
0.0500526
0.100053
0.150053
0.200053
0.250053
0.300054
0.350054
0.400054
0.450054
0.500054
0.550054
0.600055
0.650055
0.700055
0.750055
0.800055
0.850055
0.900056
0.950056
1.00006
1.05006
1.10006
1.15006
1.20006
1.25006
1.30006
1.35006
1.40006
1.45006
1.50006
1.55006
1.60006
1.65006
1.70006
1.75006
1.80006
1.85006
1.90006
1.95006
2.00006
2.05006
2.10006
2.15006
2.20006
2.25006
2.30006
2.35006
2.40006
2.45006
2.50006
2.55006
2.60006
2.65006
2.70006
2.75006
2.80006
2.85006
2.90006
2.95006
3.00006
3.05006
3.10006
3.15006
3.20006
3.25006
3.30006
3.35006
3.40006
3.45007
3.50007
3.55007
3.60007
3.65007
3.70007
3.75007
3.80007
3.85007
3.90007
3.95007
4.00007
4.05007
4.10007
4.15007
4.20007
4.25007
4.30007
4.35007
4.40007
4.45007
4.50007
4.55007
4.60007
4.65007
4.70007
4.75007
4.80007
4.85007
4.90007
4.95007
5.00007
5.05007
5.10007
5.15007
5.20007
5.25007
5.30007
5.35007
5.40007
5.45007
5.50007
5.55007
5.60007
5.65007
5.70007
5.75007
5.80007
5.85007
5.90007
5.95007
6.00007
6.05007
6.10008
6.15008
6.20008
6.25008
6.30008
6.35008
6.40008
6.45008
6.50008
6.55008
6.60008
6.65008
6.70008
6.75008
6.80008
6.85008
6.90008
6.95008
7.00008
7.05008
7.10008
7.15008
7.20008
7.25008
7.30008
7.35008
7.40008
7.45008
7.50008
7.55008
7.60008
7.65008
7.70008
7.75008
7.80008
7.85008
7.90008
7.95008
8.00008
8.05008
8.10008
8.15008
8.20008
8.25008
8.30008
8.35008
8.40008
8.45008
8.50008
8.55008
8.60009
8.65009
8.70009
8.75009
8.80009
8.85009
8.90009
8.95009
9.00009
9.05009
9.10009
9.15009
9.20009
9.25009
9.30009
9.35009
9.40009
9.45009
9.50009
9.55009
9.60009
9.65009
9.70009
9.75009
9.80009
9.85009
9.90009
9.95009
10.0001
9.95009
9.90009
9.85009
9.80009
9.75009
9.70009
9.65009
9.60009
9.55009
9.50009
9.45009
9.40009
9.35009
9.30009
9.25009
9.20009
9.15009
9.10009
9.05009
9.00009
8.95009
8.9001
8.8501
8.8001
8.7501
8.7001
8.6501
8.6001
8.5501
8.5001
8.4501
8.4001
8.3501
8.3001
8.2501
8.2001
8.1501
8.1001
8.0501
8.0001
7.9501
7.9001
7.8501
7.8001
7.7501
7.7001
7.6501
7.6001
7.5501
7.5001
7.4501
7.4001
7.3501
7.3001
7.2501
7.2001
7.1501
7.1001
7.0501
7.0001
6.9501
6.9001
6.8501
6.8001
6.7501
6.7001
6.6501
6.6001
6.5501
6.5001
6.45011
6.40011
6.35011
6.30011
6.25011
6.20011
6.15011
6.10011
6.05011
6.00011
5.95011
5.90011
5.85011
5.80011
5.75011
5.70011
5.65011
5.60011
5.55011
5.50011
5.45011
5.40011
5.35011
5.30011
5.25011
5.20011
5.15011
5.10011
5.05011
5.00011
4.95011
4.90011
4.85011
4.80011
4.75011
4.70011
4.65011
4.60011
4.55011
4.50011
4.45011
4.40011
4.35011
4.30011
4.25011
4.20011
4.15011
4.10011
4.05011
4.00012
3.95012
3.90012
3.85012
3.80012
3.75012
3.70012
3.65012
3.60012
3.55012
3.50012
3.45012
3.40012
3.35012
3.30012
3.25012
3.20012
3.15012
3.10012
3.05012
3.00012
2.95012
2.90012
2.85012
2.80012
2.75012
2.70012
2.65012
2.60012
2.55012
2.50012
2.45012
2.40012
2.35012
2.30012
2.25012
2.20012
2.15012
2.10012
2.05012
2.00012
1.95012
1.90012
1.85012
1.80012
1.75012
1.70012
1.65012
1.60013
1.55013
1.50013
1.45013
1.40013
1.35013
1.30013
1.25013
1.20013
1.15013
1.10013
1.05013
1.00013
0.950128
0.900128
0.850128
0.800128
0.750129
0.700129
0.650129
0.600129
0.550129
0.50013
0.45013
0.40013
0.35013
0.300131
0.250131
0.200131
0.150131
0.100131
0.0501316
0.000131779
-0.049868
-0.0998678
-0.149868
-0.199867
-0.249867
-0.299867
-0.349867
-0.399867
-0.449866
-0.499866
-0.549866
-0.599866
-0.649865
-0.699865
-0.749865
-0.799865
-0.849865
-0.899864
-0.949864
-0.999864
-1.04986
-1.09986
-1.14986
-1.19986
-1.24986
-1.29986
-1.34986
-1.39986
-1.44986
-1.49986
-1.54986
-1.59986
-1.64986
-1.69986
-1.74986
-1.79986
-1.84986
-1.89986
-1.94986
-1.99986
-2.04986
-2.09986
-2.14986
-2.19986
-2.24986
-2.29986
-2.34986
-2.39986
-2.44986
-2.49986
-2.54986
-2.59986
-2.64986
-2.69986
-2.74986
-2.79986
-2.84986
-2.89986
-2.94986
-2.99986
-3.04986
-3.09986
-3.14985
-3.19985
-3.24985
-3.29985
-3.34985
-3.39985
-3.44985
-3.49985
-3.54985
-3.59985
-3.64985
-3.69985
-3.74985
-3.79985
-3.84985
-3.89985
-3.94985
-3.99985
-4.04985
-4.09985
-4.14985
-4.19985
-4.24985
-4.29985
-4.34985
-4.39985
-4.44985
-4.49985
-4.54985
-4.59985
-4.64985
-4.69985
-4.74985
-4.79985
-4.84985
-4.89985
-4.94985
-4.99985
-5.04985
-5.09985
-5.14985
-5.19985
-5.24985
-5.29985
-5.34985
-5.39985
-5.44985
-5.49984
-5.54984
-5.59984
-5.64984
-5.69984
-5.74984
-5.79984
-5.84984
-5.89984
-5.94984
-5.99984
-6.04984
-6.09984
-6.14984
-6.19984
-6.24984
-6.29984
-6.34984
-6.39984
-6.44984
-6.49984
-6.54984
-6.59984
-6.64984
-6.69984
-6.74984
-6.79984
-6.84984
-6.89984
-6.94984
-6.99984
-7.04984
-7.09984
-7.14984
-7.19984
-7.24984
-7.29984
-7.34984
-7.39984
-7.44984
-7.49984
-7.54984
-7.59984
-7.64984
-7.69984
-7.74984
-7.79984
-7.84983
-7.89983
-7.94983
-7.99983
-8.04983
-8.09983
-8.14983
-8.19983
-8.24983
-8.29983
-8.34983
-8.39983
-8.44983
-8.49983
-8.54983
-8.59983
-8.64983
-8.69983
-8.74983
-8.79983
-8.84983
-8.89983
-8.94983
-8.99983
-9.04983
-9.09983
-9.14983
-9.19983
-9.24983
-9.29983
-9.34983
-9.39983
-9.44983
-9.49983
-9.54983
-9.59983
-9.64983
-9.69983
-9.74983
-9.79983
-9.84983
-9.89983
-9.94983
-9.99983
-10.0498
-9.99983
-9.94982
-9.89982
-9.84982
-9.79982
-9.74982
-9.69982
-9.64982
-9.59982
-9.54982
-9.49982
-9.44982
-9.39982
-9.34982
-9.29982
-9.24982
-9.19982
-9.14982
-9.09982
-9.04982
-8.99982
-8.94982
-8.89982
-8.84982
-8.79982
-8.74982
-8.69982
-8.64982
-8.59982
-8.54982
-8.49982
-8.44982
-8.39982
-8.34982
-8.29982
-8.24982
-8.19982
-8.14982
-8.09982
-8.04982
-7.99982
-7.94982
-7.89982
-7.84982
-7.79982
-7.74982
-7.69981
-7.64981
-7.59981
-7.54981
-7.49981
-7.44981
-7.39981
-7.34981
-7.29981
-7.24981
-7.19981
-7.14981
-7.09981
-7.04981
-6.99981
-6.94981
-6.89981
-6.84981
-6.79981
-6.74981
-6.69981
-6.64981
-6.59981
-6.54981
-6.49981
-6.44981
-6.39981
-6.34981
-6.29981
-6.24981
-6.19981
-6.14981
-6.09981
-6.04981
-5.99981
-5.94981
-5.89981
-5.84981
-5.79981
-5.74981
-5.69981
-5.64981
-5.59981
-5.54981
-5.49981
-5.44981
-5.3998
-5.3498
-5.2998
-5.2498
-5.1998
-5.1498
-5.0998
-5.0498
-4.9998
-4.9498
-4.8998
-4.8498
-4.7998
-4.7498
-4.6998
-4.6498
-4.5998
-4.5498
-4.4998
-4.4498
-4.3998
-4.3498
-4.2998
-4.2498
-4.1998
-4.1498
-4.0998
-4.0498
-3.9998
-3.9498
-3.8998
-3.8498
-3.7998
-3.7498
-3.6998
-3.6498
-3.5998
-3.5498
-3.4998
-3.4498
-3.3998
-3.3498
-3.2998
-3.2498
-3.1998
-3.14979
-3.09979
-3.04979
-2.99979
-2.94979
-2.89979
-2.84979
-2.79979
-2.74979
-2.69979
-2.64979
-2.59979
-2.54979
-2.49979
-2.44979
-2.39979
-2.34979
-2.29979
-2.24979
-2.19979
-2.14979
-2.09979
-2.04979
-1.99979
-1.94979
-1.89979
-1.84979
-1.79979
-1.74979
-1.69979
-1.64979
-1.59979
-1.54979
-1.49979
-1.44979
-1.39979
-1.34979
-1.29979
-1.24979
-1.19979
-1.14979
-1.09979
-1.04979
-0.999785
-0.949785
-0.899785
-0.849785
-0.799784
-0.749784
-0.699784
-0.649784
-0.599783
-0.549783
-0.499783
-0.449783
-0.399783
-0.349782
-0.299782
-0.249782
-0.199782
-0.149781
-0.0997812
-0.049781
0.000219253
0.0502195
0.10022
0.15022
0.20022
0.25022
0.300221
0.350221
0.400221
0.450221
0.500222
0.550222
0.600222
0.650222
0.700222
0.750223
0.800223
0.850223
0.900223
0.950224
1.00022
1.05022
1.10022
1.15022
1.20022
1.25022
1.30023
1.35023
1.40023
1.45023
1.50023
1.55023
1.60023
1.65023
1.70023
1.75023
1.80023
1.85023
1.90023
1.95023
2.00023
2.05023
2.10023
2.15023
2.20023
2.25023
2.30023
2.35023
2.40023
2.45023
2.50023
2.55023
2.60023
2.65023
2.70023
2.75023
2.80023
2.85023
2.90023
2.95023
3.00023
3.05023
3.10023
3.15023
3.20023
3.25023
3.30023
3.35023
3.40023
3.45023
3.50024
3.55024
3.60024
3.65024
3.70024
3.75024
3.80024
3.85024
3.90024
3.95024
4.00024
4.05024
4.10024
4.15024
4.20024
4.25024
4.30024
4.35024
4.40024
4.45024
4.50024
4.55024
4.60024
4.65024
4.70024
4.75024
4.80024
4.85024
4.90024
4.95024
5.00024
5.05024
5.10024
5.15024
5.20024
5.25024
5.30024
5.35024
5.40024
5.45024
5.50024
5.55024
5.60024
5.65024
5.70025
5.75025
5.80025
5.85025
5.90025
5.95025
6.00025
6.05025
6.10025
6.15025
6.20025
6.25025
6.30025
6.35025
6.40025
6.45025
6.50025
6.55025
6.60025
6.65025
6.70025
6.75025
6.80025
6.85025
6.90025
6.95025
7.00025
7.05025
7.10025
7.15025
7.20025
7.25025
7.30025
7.35025
7.40025
7.45025
7.50025
7.55025
7.60025
7.65025
7.70025
7.75025
7.80025
7.85026
7.90026
7.95026
8.00026
8.05026
8.10026
8.15026
8.20026
8.25026
8.30026
8.35026
8.40026
8.45026
8.50026
8.55026
8.60026
8.65026
8.70026
8.75026
8.80026
8.85026
8.90026
8.95026
9.00026
9.05026
9.10026
9.15026
9.20026
9.25026
9.30026
9.35026
9.40026
9.45026
9.50026
9.55026
9.60026
9.65026
9.70026
9.75026
9.80026
9.85026
9.90026
9.95026
10.0003
9.95027
9.90027
9.85027
9.80027
9.75027
9.70027
9.65027
9.60027
9.55027
9.50027
9.45027
9.40027
9.35027
9.30027
9.25027
9.20027
9.15027
9.10027
9.05027
9.00027
8.95027
8.90027
8.85027
8.80027
8.75027
8.70027
8.65027
8.60027
8.55027
8.50027
8.45027
8.40027
8.35027
8.30027
8.25027
8.20027
8.15027
8.10027
8.05027
8.00027
7.95027
7.90027
7.85028
7.80028
7.75028
7.70028
7.65028
7.60028
7.55028
7.50028
7.45028
7.40028
7.35028
7.30028
7.25028
7.20028
7.15028
7.10028
7.05028
7.00028
6.95028
6.90028
6.85028
6.80028
6.75028
6.70028
6.65028
6.60028
6.55028
6.50028
6.45028
6.40028
6.35028
6.30028
6.25028
6.20028
6.15028
6.10028
6.05028
6.00028
5.95028
5.90028
5.85028
5.80028
5.75028
5.70029
5.65029
5.60029
5.55029
5.50029
5.45029
5.40029
5.35029
5.30029
5.25029
5.20029
5.15029
5.10029
5.05029
5.00029
4.95029
4.90029
4.85029
4.80029
4.75029
4.70029
4.65029
4.60029
4.55029
4.50029
4.45029
4.40029
4.35029
4.30029
4.25029
4.20029
4.15029
4.10029
4.05029
4.00029
3.95029
3.90029
3.85029
3.80029
3.75029
3.70029
3.65029
3.6003
3.5503
3.5003
3.4503
3.4003
3.3503
3.3003
3.2503
3.2003
3.1503
3.1003
3.0503
3.0003
2.9503
2.9003
2.8503
2.8003
2.7503
2.7003
2.6503
2.6003
2.5503
2.5003
2.4503
2.4003
2.3503
2.3003
2.2503
2.2003
2.1503
2.1003
2.0503
2.0003
1.9503
1.9003
1.8503
1.8003
1.7503
1.7003
1.6503
1.6003
1.5503
1.50031
1.45031
1.40031
1.35031
1.30031
1.25031
1.20031
1.15031
1.10031
1.05031
1.00031
0.950308
0.900308
0.850308
0.800309
0.750309
0.700309
0.650309
0.60031
0.55031
0.50031
0.45031
0.40031
0.350311
0.300311
0.250311
0.200311
0.150312
0.100312
0.0503121
0.000312387
-0.0496874
-0.0996871
-0.149687
-0.199687
-0.249686
-0.299686
-0.349686
-0.399686
-0.449685
-0.499685
-0.549685
-0.599685
-0.649684
-0.699684
-0.749684
-0.799684
-0.849684
-0.899683
-0.949683
-0.999683
-1.04968
-1.09968
-1.14968
-1.19968
-1.24968
-1.29968
-1.34968
-1.39968
-1.44968
-1.49968
-1.54968
-1.59968
-1.64968
-1.69968
-1.74968
-1.79968
-1.84968
-1.89968
-1.94968
-1.99968
-2.04968
-2.09968
-2.14968
-2.19968
-2.24968
-2.29968
-2.34968
-2.39968
-2.44968
-2.49968
-2.54968
-2.59968
-2.64967
-2.69967
-2.74967
-2.79967
-2.84967
-2.89967
-2.94967
-2.99967
-3.04967
-3.09967
-3.14967
-3.19967
-3.24967
-3.29967
-3.34967
-3.39967
-3.44967
-3.49967
-3.54967
-3.59967
-3.64967
-3.69967
-3.74967
-3.79967
-3.84967
-3.89967
-3.94967
-3.99967
-4.04967
-4.09967
-4.14967
-4.19967
-4.24967
-4.29967
-4.34967
-4.39967
-4.44967
-4.49967
-4.54967
-4.59967
-4.64967
-4.69966
-4.74966
-4.79966
-4.84966
-4.89966
-4.94966
-4.99966
-5.04966
-5.09966
-5.14966
-5.19966
-5.24966
-5.29966
-5.34966
-5.39966
-5.44966
-5.49966
-5.54966
-5.59966
-5.64966
-5.69966
-5.74966
-5.79966
-5.84966
-5.89966
-5.94966
-5.99966
-6.04966
-6.09966
-6.14966
-6.19966
-6.24966
-6.29966
-6.34966
-6.39966
-6.44966
-6.49966
-6.54966
-6.59966
-6.64966
-6.69966
-6.74965
-6.79965
-6.84965
-6.89965
-6.94965
-6.99965
-7.04965
-7.09965
-7.14965
-7.19965
-7.24965
-7.29965
-7.34965
-7.39965
-7.44965
-7.49965
-7.54965
-7.59965
-7.64965
-7.69965
-7.74965
-7.79965
-7.84965
-7.89965
-7.94965
-7.99965
-8.04965
-8.09965
-8.14965
-8.19965
-8.24965
-8.29965
-8.34965
-8.39965
-8.44965
-8.49965
-8.54965
-8.59965
-8.64965
-8.69965
-8.74964
-8.79964
-8.84964
-8.89964
-8.94964
-8.99964
-9.04964
-9.09964
-9.14964
-9.19964
-9.24964
-9.29964
-9.34964
-9.39964
-9.44964
-9.49964
-9.54964
-9.59964
-9.64964
-9.69964
-9.74964
-9.79964
-9.84964
-9.89964
-9.94964
-9.99964
-10.0496
-9.99964
-9.94964
-9.89964
-9.84964
-9.79964
-9.74964
-9.69964
-9.64964
-9.59964
-9.54964
-9.49964
-9.44964
-9.39964
-9.34964
-9.29963
-9.24963
-9.19963
-9.14963
-9.09963
-9.04963
-8.99963
-8.94963
-8.89963
-8.84963
-8.79963
-8.74963
-8.69963
-8.64963
-8.59963
-8.54963
-8.49963
-8.44963
-8.39963
-8.34963
-8.29963
-8.24963
-8.19963
-8.14963
-8.09963
-8.04963
-7.99963
-7.94963
-7.89963
-7.84963
-7.79963
-7.74963
-7.69963
-7.64963
-7.59963
-7.54963
-7.49963
-7.44963
-7.39963
-7.34963
-7.29962
-7.24962
-7.19962
-7.14962
-7.09962
-7.04962
-6.99962
-6.94962
-6.89962
-6.84962
-6.79962
-6.74962
-6.69962
-6.64962
-6.59962
-6.54962
-6.49962
-6.44962
-6.39962
-6.34962
-6.29962
-6.24962
-6.19962
-6.14962
-6.09962
-6.04962
-5.99962
-5.94962
-5.89962
-5.84962
-5.79962
-5.74962
-5.69962
-5.64962
-5.59962
-5.54962
-5.49962
-5.44962
-5.39962
-5.34962
-5.29961
-5.24961
-5.19961
-5.14961
-5.09961
-5.04961
-4.99961
-4.94961
-4.89961
-4.84961
-4.79961
-4.74961
-4.69961
-4.64961
-4.59961
-4.54961
-4.49961
-4.44961
-4.39961
-4.34961
-4.29961
-4.24961
-4.19961
-4.14961
-4.09961
-4.04961
-3.99961
-3.94961
-3.89961
-3.84961
-3.79961
-3.74961
-3.69961
-3.64961
-3.59961
-3.54961
-3.49961
-3.44961
-3.39961
-3.34961
-3.2996
-3.2496
-3.1996
-3.1496
-3.0996
-3.0496
-2.9996
-2.9496
-2.8996
-2.8496
-2.7996
-2.7496
-2.6996
-2.6496
-2.5996
-2.5496
-2.4996
-2.4496
-2.3996
-2.3496
-2.2996
-2.2496
-2.1996
-2.1496
-2.0996
-2.0496
-1.9996
-1.9496
-1.8996
-1.8496
-1.7996
-1.7496
-1.6996
-1.6496
-1.5996
-1.5496
-1.4996
-1.4496
-1.3996
-1.34959
-1.29959
-1.24959
-1.19959
-1.14959
-1.09959
-1.04959
-0.999593
-0.949593
-0.899593
-0.849592
-0.799592
-0.749592
-0.699592
-0.649591
-0.599591
-0.549591
-0.499591
-0.44959
-0.39959
-0.34959
-0.29959
-0.249589
-0.199589
-0.149589
-0.0995885
-0.0495883
0.000412004
0.0504123
0.100413
0.150413
0.200413
0.250413
0.300414
0.350414
0.400414
0.450414
0.500415
0.550415
0.600415
0.650415
0.700416
0.750416
0.800416
0.850416
0.900417
0.950417
1.00042
1.05042
1.10042
1.15042
1.20042
1.25042
1.30042
1.35042
1.40042
1.45042
1.50042
1.55042
1.60042
1.65042
1.70042
1.75042
1.80042
1.85042
1.90042
1.95042
2.00042
2.05042
2.10042
2.15042
2.20042
2.25042
2.30042
2.35042
2.40042
2.45042
2.50042
2.55043
2.60043
2.65043
2.70043
2.75043
2.80043
2.85043
2.90043
2.95043
3.00043
3.05043
3.10043
3.15043
3.20043
3.25043
3.30043
3.35043
3.40043
3.45043
3.50043
3.55043
3.60043
3.65043
3.70043
3.75043
3.80043
3.85043
3.90043
3.95043
4.00043
4.05043
4.10043
4.15043
4.20043
4.25043
4.30043
4.35043
4.40043
4.45043
4.50044
4.55044
4.60044
4.65044
4.70044
4.75044
4.80044
4.85044
4.90044
4.95044
5.00044
5.05044
5.10044
5.15044
5.20044
5.25044
5.30044
5.35044
5.40044
5.45044
5.50044
5.55044
5.60044
5.65044
5.70044
5.75044
5.80044
5.85044
5.90044
5.95044
6.00044
6.05044
6.10044
6.15044
6.20044
6.25044
6.30044
6.35044
6.40044
6.45045
6.50045
6.55045
6.60045
6.65045
6.70045
6.75045
6.80045
6.85045
6.90045
6.95045
7.00045
7.05045
7.10045
7.15045
7.20045
7.25045
7.30045
7.35045
7.40045
7.45045
7.50045
7.55045
7.60045
7.65045
7.70045
7.75045
7.80045
7.85045
7.90045
7.95045
8.00045
8.05045
8.10045
8.15045
8.20045
8.25045
8.30045
8.35046
8.40046
8.45046
8.50046
8.55046
8.60046
8.65046
8.70046
8.75046
8.80046
8.85046
8.90046
8.95046
9.00046
9.05046
9.10046
9.15046
9.20046
9.25046
9.30046
9.35046
9.40046
9.45046
9.50046
9.55046
9.60046
9.65046
9.70046
9.75046
9.80046
9.85046
9.90046
9.95046
10.0005
9.95046
9.90046
9.85046
9.80046
9.75047
9.70047
9.65047
9.60047
9.55047
9.50047
9.45047
9.40047
9.35047
9.30047
9.25047
9.20047
9.15047
9.10047
9.05047
9.00047
8.95047
8.90047
8.85047
8.80047
8.75047
8.70047
8.65047
8.60047
8.55047
8.50047
8.45047
8.40047
8.35047
8.30047
8.25047
8.20047
8.15047
8.10047
8.05047
8.00047
7.95047
7.90047
7.85048
7.80048
7.75048
7.70048
7.65048
7.60048
7.55048
7.50048
7.45048
7.40048
7.35048
7.30048
7.25048
7.20048
7.15048
7.10048
7.05048
7.00048
6.95048
6.90048
6.85048
6.80048
6.75048
6.70048
6.65048
6.60048
6.55048
6.50048
6.45048
6.40048
6.35048
6.30048
6.25048
6.20048
6.15048
6.10048
6.05048
6.00048
5.95049
5.90049
5.85049
5.80049
5.75049
5.70049
5.65049
5.60049
5.55049
5.50049
5.45049
5.40049
5.35049
5.30049
5.25049
5.20049
5.15049
5.10049
5.05049
5.00049
4.95049
4.90049
4.85049
4.80049
4.75049
4.70049
4.65049
4.60049
4.55049
4.50049
4.45049
4.40049
4.35049
4.30049
4.25049
4.20049
4.15049
4.1005
4.0505
4.0005
3.9505
3.9005
3.8505
3.8005
3.7505
3.7005
3.6505
3.6005
3.5505
3.5005
3.4505
3.4005
3.3505
3.3005
3.2505
3.2005
3.1505
3.1005
3.0505
3.0005
2.9505
2.9005
2.8505
2.8005
2.7505
2.7005
2.6505
2.6005
2.5505
2.5005
2.4505
2.4005
2.3505
2.3005
2.2505
2.20051
2.15051
2.10051
2.05051
2.00051
1.95051
1.90051
1.85051
1.80051
1.75051
1.70051
1.65051
1.60051
1.55051
1.50051
1.45051
1.40051
1.35051
1.30051
1.25051
1.20051
1.15051
1.10051
1.05051
1.00051
0.950512
0.900512
0.850512
0.800513
0.750513
0.700513
0.650514
0.600514
0.550514
0.500514
0.450515
0.400515
0.350515
0.300515
0.250516
0.200516
0.150516
0.100516
0.0505167
0.000517018
-0.0494827
-0.0994824
-0.149482
-0.199482
-0.249482
-0.299481
-0.349481
-0.399481
-0.449481
-0.49948
-0.54948
-0.59948
-0.649479
-0.699479
-0.749479
-0.799479
-0.849478
-0.899478
-0.949478
-0.999478
-1.04948
-1.09948
-1.14948
-1.19948
-1.24948
-1.29948
-1.34948
-1.39948
-1.44948
-1.49947
-1.54947
-1.59947
-1.64947
-1.69947
-1.74947
-1.79947
-1.84947
-1.89947
-1.94947
-1.99947
-2.04947
-2.09947
-2.14947
-2.19947
-2.24947
-2.29947
-2.34947
-2.39947
-2.44947
-2.49947
-2.54947
-2.59947
-2.64947
-2.69947
-2.74947
-2.79947
-2.84947
-2.89947
-2.94947
-2.99947
-3.04947
-3.09947
-3.14947
-3.19947
-3.24947
-3.29947
-3.34946
-3.39946
-3.44946
-3.49946
-3.54946
-3.59946
-3.64946
-3.69946
-3.74946
-3.79946
-3.84946
-3.89946
-3.94946
-3.99946
-4.04946
-4.09946
-4.14946
-4.19946
-4.24946
-4.29946
-4.34946
-4.39946
-4.44946
-4.49946
-4.54946
-4.59946
-4.64946
-4.69946
-4.74946
-4.79946
-4.84946
-4.89946
-4.94946
-4.99946
-5.04946
-5.09946
-5.14945
-5.19945
-5.24945
-5.29945
-5.34945
-5.39945
-5.44945
-5.49945
-5.54945
-5.59945
-5.64945
-5.69945
-5.74945
-5.79945
-5.84945
-5.89945
-5.94945
-5.99945
-6.04945
-6.09945
-6.14945
-6.19945
-6.24945
-6.29945
-6.34945
-6.39945
-6.44945
-6.49945
-6.54945
-6.59945
-6.64945
-6.69945
-6.74945
-6.79945
-6.84945
-6.89945
-6.94945
-6.99944
-7.04944
-7.09944
-7.14944
-7.19944
-7.24944
-7.29944
-7.34944
-7.39944
-7.44944
-7.49944
-7.54944
-7.59944
-7.64944
-7.69944
-7.74944
-7.79944
-7.84944
-7.89944
-7.94944
-7.99944
-8.04944
-8.09944
-8.14944
-8.19944
-8.24944
-8.29944
-8.34944
-8.39944
-8.44944
-8.49944
-8.54944
-8.59944
-8.64944
-8.69944
-8.74944
-8.79943
-8.84943
-8.89943
-8.94943
-8.99943
-9.04943
-9.09943
-9.14943
-9.19943
-9.24943
-9.29943
-9.34943
-9.39943
-9.44943
-9.49943
-9.54943
-9.59943
-9.64943
-9.69943
-9.74943
-9.79943
-9.84943
-9.89943
-9.94943
-9.99943
-10.0494
-9.99943
-9.94943
-9.89943
-9.84943
-9.79943
-9.74943
-9.69943
-9.64943
-9.59943
-9.54943
-9.49942
-9.44942
-9.39942
-9.34942
-9.29942
-9.24942
-9.19942
-9.14942
-9.09942
-9.04942
-8.99942
-8.94942
-8.89942
-8.84942
-8.79942
-8.74942
-8.69942
-8.64942
-8.59942
-8.54942
-8.49942
-8.44942
-8.39942
-8.34942
-8.29942
-8.24942
-8.19942
-8.14942
-8.09942
-8.04942
-7.99942
-7.94942
-7.89942
-7.84942
-7.79942
-7.74942
-7.69941
-7.64941
-7.59941
-7.54941
-7.49941
-7.44941
-7.39941
-7.34941
-7.29941
-7.24941
-7.19941
-7.14941
-7.09941
-7.04941
-6.99941
-6.94941
-6.89941
-6.84941
-6.79941
-6.74941
-6.69941
-6.64941
-6.59941
-6.54941
-6.49941
-6.44941
-6.39941
-6.34941
-6.29941
-6.24941
-6.19941
-6.14941
-6.09941
-6.04941
-5.99941
-5.94941
-5.8994
-5.8494
-5.7994
-5.7494
-5.6994
-5.6494
-5.5994
-5.5494
-5.4994
-5.4494
-5.3994
-5.3494
-5.2994
-5.2494
-5.1994
-5.1494
-5.0994
-5.0494
-4.9994
-4.9494
-4.8994
-4.8494
-4.7994
-4.7494
-4.6994
-4.6494
-4.5994
-4.5494
-4.4994
-4.4494
-4.3994
-4.3494
-4.2994
-4.2494
-4.1994
-4.1494
-4.09939
-4.04939
-3.99939
-3.94939
-3.89939
-3.84939
-3.79939
-3.74939
-3.69939
-3.64939
-3.59939
-3.54939
-3.49939
-3.44939
-3.39939
-3.34939
-3.29939
-3.24939
-3.19939
-3.14939
-3.09939
-3.04939
-2.99939
-2.94939
-2.89939
-2.84939
-2.79939
-2.74939
-2.69939
-2.64939
-2.59939
-2.54939
-2.49939
-2.44939
-2.39939
-2.34938
-2.29938
-2.24938
-2.19938
-2.14938
-2.09938
-2.04938
-1.99938
-1.94938
-1.89938
-1.84938
-1.79938
-1.74938
-1.69938
-1.64938
-1.59938
-1.54938
-1.49938
-1.44938
-1.39938
-1.34938
-1.29938
-1.24938
-1.19938
-1.14938
-1.09938
-1.04938
-0.999377
-0.949377
-0.899377
-0.849376
-0.799376
-0.749376
-0.699376
-0.649375
-0.599375
-0.549375
-0.499374
-0.449374
-0.399374
-0.349374
-0.299373
-0.249373
-0.199373
-0.149372
-0.0993722
-0.0493719
0.00062839
0.0506287
0.100629
0.150629
0.20063
0.25063
0.30063
0.35063
0.400631
0.450631
0.500631
0.550632
0.600632
0.650632
0.700632
0.750633
0.800633
0.850633
0.900634
0.950634
1.00063
1.05063
1.10063
1.15063
1.20064
1.25064
1.30064
1.35064
1.40064
1.45064
1.50064
1.55064
1.60064
1.65064
1.70064
1.75064
1.80064
1.85064
1.90064
1.95064
2.00064
2.05064
2.10064
2.15064
2.20064
2.25064
2.30064
2.35064
2.40064
2.45064
2.50064
2.55064
2.60064
2.65064
2.70064
2.75064
2.80064
2.85064
2.90064
2.95065
3.00065
3.05065
3.10065
3.15065
3.20065
3.25065
3.30065
3.35065
3.40065
3.45065
3.50065
3.55065
3.60065
3.65065
3.70065
3.75065
3.80065
3.85065
3.90065
3.95065
4.00065
4.05065
4.10065
4.15065
4.20065
4.25065
4.30065
4.35065
4.40065
4.45065
4.50065
4.55065
4.60065
4.65065
4.70066
4.75066
4.80066
4.85066
4.90066
4.95066
5.00066
5.05066
5.10066
5.15066
5.20066
5.25066
5.30066
5.35066
5.40066
5.45066
5.50066
5.55066
5.60066
5.65066
5.70066
5.75066
5.80066
5.85066
5.90066
5.95066
6.00066
6.05066
6.10066
6.15066
6.20066
6.25066
6.30066
6.35066
6.40067
6.45067
6.50067
6.55067
6.60067
6.65067
6.70067
6.75067
6.80067
6.85067
6.90067
6.95067
7.00067
7.05067
7.10067
7.15067
7.20067
7.25067
7.30067
7.35067
7.40067
7.45067
7.50067
7.55067
7.60067
7.65067
7.70067
7.75067
7.80067
7.85067
7.90067
7.95067
8.00067
8.05067
8.10067
8.15068
8.20068
8.25068
8.30068
8.35068
8.40068
8.45068
8.50068
8.55068
8.60068
8.65068
8.70068
8.75068
8.80068
8.85068
8.90068
8.95068
9.00068
9.05068
9.10068
9.15068
9.20068
9.25068
9.30068
9.35068
9.40068
9.45068
9.50068
9.55068
9.60068
9.65068
9.70068
9.75068
9.80068
9.85069
9.90069
9.95069
10.0007
9.95069
9.90069
9.85069
9.80069
9.75069
9.70069
9.65069
9.60069
9.55069
9.50069
9.45069
9.40069
9.35069
9.30069
9.25069
9.20069
9.15069
9.10069
9.05069
9.00069
8.95069
8.90069
8.85069
8.80069
8.75069
8.70069
8.65069
8.60069
8.55069
8.50069
8.45069
8.4007
8.3507
8.3007
8.2507
8.2007
8.1507
8.1007
8.0507
8.0007
7.9507
7.9007
7.8507
7.8007
7.7507
7.7007
7.6507
7.6007
7.5507
7.5007
7.4507
7.4007
7.3507
7.3007
7.2507
7.2007
7.1507
7.1007
7.0507
7.0007
6.9507
6.9007
6.8507
6.8007
6.7507
6.70071
6.65071
6.60071
6.55071
6.50071
6.45071
6.40071
6.35071
6.30071
6.25071
6.20071
6.15071
6.10071
6.05071
6.00071
5.95071
5.90071
5.85071
5.80071
5.75071
5.70071
5.65071
5.60071
5.55071
5.50071
5.45071
5.40071
5.35071
5.30071
5.25071
5.20071
5.15071
5.10071
5.05071
5.00072
4.95072
4.90072
4.85072
4.80072
4.75072
4.70072
4.65072
4.60072
4.55072
4.50072
4.45072
4.40072
4.35072
4.30072
4.25072
4.20072
4.15072
4.10072
4.05072
4.00072
3.95072
3.90072
3.85072
3.80072
3.75072
3.70072
3.65072
3.60072
3.55072
3.50072
3.45072
3.40072
3.35073
3.30073
3.25073
3.20073
3.15073
3.10073
3.05073
3.00073
2.95073
2.90073
2.85073
2.80073
2.75073
2.70073
2.65073
2.60073
2.55073
2.50073
2.45073
2.40073
2.35073
2.30073
2.25073
2.20073
2.15073
2.10073
2.05073
2.00073
1.95073
1.90073
1.85073
1.80073
1.75073
1.70073
1.65074
1.60074
1.55074
1.50074
1.45074
1.40074
1.35074
1.30074
1.25074
1.20074
1.15074
1.10074
1.05074
1.00074
0.950739
0.90074
0.85074
0.80074
0.75074
0.700741
0.650741
0.600741
0.550742
0.500742
0.450742
0.400743
0.350743
0.300743
0.250743
0.200744
0.150744
0.100744
0.0507446
0.000744915
-0.0492548
-0.0992545
-0.149254
-0.199254
-0.249254
-0.299253
-0.349253
-0.399253
-0.449252
-0.499252
-0.549252
-0.599252
-0.649251
-0.699251
-0.749251
-0.79925
-0.84925
-0.89925
-0.949249
-0.999249
-1.04925
-1.09925
-1.14925
-1.19925
-1.24925
-1.29925
-1.34925
-1.39925
-1.44925
-1.49925
-1.54925
-1.59925
-1.64925
-1.69924
-1.74924
-1.79924
-1.84924
-1.89924
-1.94924
-1.99924
-2.04924
-2.09924
-2.14924
-2.19924
-2.24924
-2.29924
-2.34924
-2.39924
-2.44924
-2.49924
-2.54924
-2.59924
-2.64924
-2.69924
-2.74924
-2.79924
-2.84924
-2.89924
-2.94924
-2.99924
-3.04924
-3.09924
-3.14924
-3.19924
-3.24924
-3.29924
-3.34924
-3.39923
-3.44923
-3.49923
-3.54923
-3.59923
-3.64923
-3.69923
-3.74923
-3.79923
-3.84923
-3.89923
-3.94923
-3.99923
-4.04923
-4.09923
-4.14923
-4.19923
-4.24923
-4.29923
-4.34923
-4.39923
-4.44923
-4.49923
-4.54923
-4.59923
-4.64923
-4.69923
-4.74923
-4.79923
-4.84923
-4.89923
-4.94923
-4.99923
-5.04922
-5.09922
-5.14922
-5.19922
-5.24922
-5.29922
-5.34922
-5.39922
-5.44922
-5.49922
-5.54922
-5.59922
-5.64922
-5.69922
-5.74922
-5.79922
-5.84922
-5.89922
-5.94922
-5.99922
-6.04922
-6.09922
-6.14922
-6.19922
-6.24922
-6.29922
-6.34922
-6.39922
-6.44922
-6.49922
-6.54922
-6.59922
-6.64922
-6.69921
-6.74921
-6.79921
-6.84921
-6.89921
-6.94921
-6.99921
-7.04921
-7.09921
-7.14921
-7.19921
-7.24921
-7.29921
-7.34921
-7.39921
-7.44921
-7.49921
-7.54921
-7.59921
-7.64921
-7.69921
-7.74921
-7.79921
-7.84921
-7.89921
-7.94921
-7.99921
-8.04921
-8.09921
-8.14921
-8.19921
-8.24921
-8.29921
-8.3492
-8.3992
-8.4492
-8.4992
-8.5492
-8.5992
-8.6492
-8.6992
-8.7492
-8.7992
-8.8492
-8.8992
-8.9492
-8.9992
-9.0492
-9.0992
-9.1492
-9.1992
-9.2492
-9.2992
-9.3492
-9.3992
-9.4492
-9.4992
-9.5492
-9.5992
-9.6492
-9.6992
-9.7492
-9.7992
-9.8492
-9.8992
-9.9492
-9.99919
-10.0492
-9.99919
-9.94919
-9.89919
-9.84919
-9.79919
-9.74919
-9.69919
-9.64919
-9.59919
-9.54919
-9.49919
-9.44919
-9.39919
-9.34919
-9.29919
-9.24919
-9.19919
-9.14919
-9.09919
-9.04919
-8.99919
-8.94919
-8.89919
-8.84919
-8.79919
-8.74919
-8.69919
-8.64919
-8.59919
-8.54919
-8.49918
-8.44918
-8.39918
-8.34918
-8.29918
-8.24918
-8.19918
-8.14918
-8.09918
-8.04918
-7.99918
-7.94918
-7.89918
-7.84918
-7.79918
-7.74918
-7.69918
-7.64918
-7.59918
-7.54918
-7.49918
-7.44918
-7.39918
-7.34918
-7.29918
-7.24918
-7.19918
-7.14918
-7.09918
-7.04918
-6.99918
-6.94918
-6.89918
-6.84917
-6.79917
-6.74917
-6.69917
-6.64917
-6.59917
-6.54917
-6.49917
-6.44917
-6.39917
-6.34917
-6.29917
-6.24917
-6.19917
-6.14917
-6.09917
-6.04917
-5.99917
-5.94917
-5.89917
-5.84917
-5.79917
-5.74917
-5.69917
-5.64917
-5.59917
-5.54917
-5.49917
-5.44917
-5.39917
-5.34917
-5.29917
-5.24916
-5.19916
-5.14916
-5.09916
-5.04916
-4.99916
-4.94916
-4.89916
-4.84916
-4.79916
-4.74916
-4.69916
-4.64916
-4.59916
-4.54916
-4.49916
-4.44916
-4.39916
-4.34916
-4.29916
-4.24916
-4.19916
-4.14916
-4.09916
-4.04916
-3.99916
-3.94916
-3.89916
-3.84916
-3.79916
-3.74916
-3.69916
-3.64916
-3.59915
-3.54915
-3.49915
-3.44915
-3.39915
-3.34915
-3.29915
-3.24915
-3.19915
-3.14915
-3.09915
-3.04915
-2.99915
-2.94915
-2.89915
-2.84915
-2.79915
-2.74915
-2.69915
-2.64915
-2.59915
-2.54915
-2.49915
-2.44915
-2.39915
-2.34915
-2.29915
-2.24915
-2.19915
-2.14915
-2.09915
-2.04915
-1.99914
-1.94914
-1.89914
-1.84914
-1.79914
-1.74914
-1.69914
-1.64914
-1.59914
-1.54914
-1.49914
-1.44914
-1.39914
-1.34914
-1.29914
-1.24914
-1.19914
-1.14914
-1.09914
-1.04914
-0.999139
-0.949138
-0.899138
-0.849138
-0.799137
-0.749137
-0.699137
-0.649136
-0.599136
-0.549136
-0.499135
-0.449135
-0.399135
-0.349135
-0.299134
-0.249134
-0.199134
-0.149133
-0.099133
-0.0491326
0.000867669
0.050868
0.100868
0.150869
0.200869
0.250869
0.30087
0.35087
0.40087
0.45087
0.500871
0.550871
0.600871
0.650872
0.700872
0.750872
0.800873
0.850873
0.900873
0.950874
1.00087
1.05087
1.10087
1.15087
1.20088
1.25088
1.30088
1.35088
1.40088
1.45088
1.50088
1.55088
1.60088
1.65088
1.70088
1.75088
1.80088
1.85088
1.90088
1.95088
2.00088
2.05088
2.10088
2.15088
2.20088
2.25088
2.30088
2.35088
2.40088
2.45088
2.50088
2.55088
2.60088
2.65088
2.70088
2.75088
2.80089
2.85089
2.90089
2.95089
3.00089
3.05089
3.10089
3.15089
3.20089
3.25089
3.30089
3.35089
3.40089
3.45089
3.50089
3.55089
3.60089
3.65089
3.70089
3.75089
3.80089
3.85089
3.90089
3.95089
4.00089
4.05089
4.10089
4.15089
4.20089
4.25089
4.30089
4.35089
4.4009
4.4509
4.5009
4.5509
4.6009
4.6509
4.7009
4.7509
4.8009
4.8509
4.9009
4.9509
5.0009
5.0509
5.1009
5.1509
5.2009
5.2509
5.3009
5.3509
5.4009
5.4509
5.5009
5.5509
5.6009
5.6509
5.7009
5.7509
5.8009
5.8509
5.9009
5.95091
6.00091
6.05091
6.10091
6.15091
6.20091
6.25091
6.30091
6.35091
6.40091
6.45091
6.50091
6.55091
6.60091
6.65091
6.70091
6.75091
6.80091
6.85091
6.90091
6.95091
7.00091
7.05091
7.10091
7.15091
7.20091
7.25091
7.30091
7.35091
7.40091
7.45091
7.50091
7.55092
7.60092
7.65092
7.70092
7.75092
7.80092
7.85092
7.90092
7.95092
8.00092
8.05092
8.10092
8.15092
8.20092
8.25092
8.30092
8.35092
8.40092
8.45092
8.50092
8.55092
8.60092
8.65092
8.70092
8.75092
8.80092
8.85092
8.90092
8.95092
9.00092
9.05092
9.10093
9.15093
9.20093
9.25093
9.30093
9.35093
9.40093
9.45093
9.50093
9.55093
9.60093
9.65093
9.70093
9.75093
9.80093
9.85093
9.90093
9.95093
10.0009
9.95093
9.90093
9.85093
9.80093
9.75093
9.70093
9.65093
9.60093
9.55093
9.50093
9.45093
9.40093
9.35093
9.30094
9.25094
9.20094
9.15094
9.10094
9.05094
9.00094
8.95094
8.90094
8.85094
8.80094
8.75094
8.70094
8.65094
8.60094
8.55094
8.50094
8.45094
8.40094
8.35094
8.30094
8.25094
8.20094
8.15094
8.10094
8.05094
8.00094
7.95094
7.90094
7.85094
7.80094
7.75095
7.70095
7.65095
7.60095
7.55095
7.50095
7.45095
7.40095
7.35095
7.30095
7.25095
7.20095
7.15095
7.10095
7.05095
7.00095
6.95095
6.90095
6.85095
6.80095
6.75095
6.70095
6.65095
6.60095
6.55095
6.50095
6.45095
6.40095
6.35095
6.30095
6.25095
6.20096
6.15096
6.10096
6.05096
6.00096
5.95096
5.90096
5.85096
5.80096
5.75096
5.70096
5.65096
5.60096
5.55096
5.50096
5.45096
5.40096
5.35096
5.30096
5.25096
5.20096
5.15096
5.10096
5.05096
5.00096
4.95096
4.90096
4.85096
4.80096
4.75096
4.70096
4.65097
4.60097
4.55097
4.50097
4.45097
4.40097
4.35097
4.30097
4.25097
4.20097
4.15097
4.10097
4.05097
4.00097
3.95097
3.90097
3.85097
3.80097
3.75097
3.70097
3.65097
3.60097
3.55097
3.50097
3.45097
3.40097
3.35097
3.30097
3.25097
3.20097
3.15097
3.10098
3.05098
3.00098
2.95098
2.90098
2.85098
2.80098
2.75098
2.70098
2.65098
2.60098
2.55098
2.50098
2.45098
2.40098
2.35098
2.30098
2.25098
2.20098
2.15098
2.10098
2.05098
2.00098
1.95098
1.90098
1.85098
1.80098
1.75098
1.70098
1.65098
1.60098
1.55099
1.50099
1.45099
1.40099
1.35099
1.30099
1.25099
1.20099
1.15099
1.10099
1.05099
1.00099
0.950989
0.900989
0.85099
0.80099
0.75099
0.700991
0.650991
0.600991
0.550992
0.500992
0.450992
0.400993
0.350993
0.300993
0.250994
0.200994
0.150994
0.100995
0.050995
0.000995332
-0.0490043
-0.099004
-0.149004
-0.199003
-0.249003
-0.299003
-0.349002
-0.399002
-0.449002
-0.499001
-0.549001
-0.599001
-0.649
-0.699
-0.749
-0.798999
-0.848999
-0.898999
-0.948998
-0.998998
-1.049
-1.099
-1.149
-1.199
-1.249
-1.299
-1.349
-1.399
-1.449
-1.49899
-1.54899
-1.59899
-1.64899
-1.69899
-1.74899
-1.79899
-1.84899
-1.89899
-1.94899
-1.99899
-2.04899
-2.09899
-2.14899
-2.19899
-2.24899
-2.29899
-2.34899
-2.39899
-2.44899
-2.49899
-2.54899
-2.59899
-2.64899
-2.69899
-2.74899
-2.79899
-2.84899
-2.89899
-2.94899
-2.99899
-3.04898
-3.09898
-3.14898
-3.19898
-3.24898
-3.29898
-3.34898
-3.39898
-3.44898
-3.49898
-3.54898
-3.59898
-3.64898
-3.69898
-3.74898
-3.79898
-3.84898
-3.89898
-3.94898
-3.99898
-4.04898
-4.09898
-4.14898
-4.19898
-4.24898
-4.29898
-4.34898
-4.39898
-4.44898
-4.49898
-4.54897
-4.59897
-4.64897
-4.69897
-4.74897
-4.79897
-4.84897
-4.89897
-4.94897
-4.99897
-5.04897
-5.09897
-5.14897
-5.19897
-5.24897
-5.29897
-5.34897
-5.39897
-5.44897
-5.49897
-5.54897
-5.59897
-5.64897
-5.69897
-5.74897
-5.79897
-5.84897
-5.89897
-5.94897
-5.99897
-6.04896
-6.09896
-6.14896
-6.19896
-6.24896
-6.29896
-6.34896
-6.39896
-6.44896
-6.49896
-6.54896
-6.59896
-6.64896
-6.69896
-6.74896
-6.79896
-6.84896
-6.89896
-6.94896
-6.99896
-7.04896
-7.09896
-7.14896
-7.19896
-7.24896
-7.29896
-7.34896
-7.39896
-7.44896
-7.49896
-7.54896
-7.59895
-7.64895
-7.69895
-7.74895
-7.79895
-7.84895
-7.89895
-7.94895
-7.99895
-8.04895
-8.09895
-8.14895
-8.19895
-8.24895
-8.29895
-8.34895
-8.39895
-8.44895
-8.49895
-8.54895
-8.59895
-8.64895
-8.69895
-8.74895
-8.79895
-8.84895
-8.89895
-8.94895
-8.99895
-9.04895
-9.09894
-9.14894
-9.19894
-9.24894
-9.29894
-9.34894
-9.39894
-9.44894
-9.49894
-9.54894
-9.59894
-9.64894
-9.69894
-9.74894
-9.79894
-9.84894
-9.89894
-9.94894
-9.99894
-10.0489
-9.99894
-9.94894
-9.89894
-9.84894
-9.79894
-9.74894
-9.69894
-9.64894
-9.59894
-9.54894
-9.49893
-9.44893
-9.39893
-9.34893
-9.29893
-9.24893
-9.19893
-9.14893
-9.09893
-9.04893
-8.99893
-8.94893
-8.89893
-8.84893
-8.79893
-8.74893
-8.69893
-8.64893
-8.59893
-8.54893
-8.49893
-8.44893
-8.39893
-8.34893
-8.29893
-8.24893
-8.19893
-8.14893
-8.09893
-8.04893
-7.99892
-7.94892
-7.89892
-7.84892
-7.79892
-7.74892
-7.69892
-7.64892
-7.59892
-7.54892
-7.49892
-7.44892
-7.39892
-7.34892
-7.29892
-7.24892
-7.19892
-7.14892
-7.09892
-7.04892
-6.99892
-6.94892
-6.89892
-6.84892
-6.79892
-6.74892
-6.69892
-6.64892
-6.59892
-6.54892
-6.49891
-6.44891
-6.39891
-6.34891
-6.29891
-6.24891
-6.19891
-6.14891
-6.09891
-6.04891
-5.99891
-5.94891
-5.89891
-5.84891
-5.79891
-5.74891
-5.69891
-5.64891
-5.59891
-5.54891
-5.49891
-5.44891
-5.39891
-5.34891
-5.29891
-5.24891
-5.19891
-5.14891
-5.09891
-5.04891
-4.9989
-4.9489
-4.8989
-4.8489
-4.7989
-4.7489
-4.6989
-4.6489
-4.5989
-4.5489
-4.4989
-4.4489
-4.3989
-4.3489
-4.2989
-4.2489
-4.1989
-4.1489
-4.0989
-4.0489
-3.9989
-3.9489
-3.8989
-3.8489
-3.7989
-3.7489
-3.6989
-3.6489
-3.5989
-3.54889
-3.49889
-3.44889
-3.39889
-3.34889
-3.29889
-3.24889
-3.19889
-3.14889
-3.09889
-3.04889
-2.99889
-2.94889
-2.89889
-2.84889
-2.79889
-2.74889
-2.69889
-2.64889
-2.59889
-2.54889
-2.49889
-2.44889
-2.39889
-2.34889
-2.29889
-2.24889
-2.19889
-2.14889
-2.09889
-2.04888
-1.99888
-1.94888
-1.89888
-1.84888
-1.79888
-1.74888
-1.69888
-1.64888
-1.59888
-1.54888
-1.49888
-1.44888
-1.39888
-1.34888
-1.29888
-1.24888
-1.19888
-1.14888
-1.09888
-1.04888
-0.998878
-0.948877
-0.898877
-0.848877
-0.798876
-0.748876
-0.698876
-0.648875
-0.598875
-0.548875
-0.498874
-0.448874
-0.398874
-0.348873
-0.298873
-0.248873
-0.198872
-0.148872
-0.0988716
-0.0488712
0.00112909
0.0511294
0.10113
0.15113
0.20113
0.251131
0.301131
0.351131
0.401132
0.451132
0.501132
0.551133
0.601133
0.651134
0.701134
0.751134
0.801135
0.851135
0.901135
0.951136
1.00114
1.05114
1.10114
1.15114
1.20114
1.25114
1.30114
1.35114
1.40114
1.45114
1.50114
1.55114
1.60114
1.65114
1.70114
1.75114
1.80114
1.85114
1.90114
1.95114
2.00114
2.05114
2.10114
2.15114
2.20114
2.25114
2.30114
2.35115
2.40115
2.45115
2.50115
2.55115
2.60115
2.65115
2.70115
2.75115
2.80115
2.85115
2.90115
2.95115
3.00115
3.05115
3.10115
3.15115
3.20115
3.25115
3.30115
3.35115
3.40115
3.45115
3.50115
3.55115
3.60115
3.65115
3.70115
3.75115
3.80115
3.85116
3.90116
3.95116
4.00116
4.05116
4.10116
4.15116
4.20116
4.25116
4.30116
4.35116
4.40116
4.45116
4.50116
4.55116
4.60116
4.65116
4.70116
4.75116
4.80116
4.85116
4.90116
4.95116
5.00116
5.05116
5.10116
5.15116
5.20116
5.25116
5.30117
5.35117
5.40117
5.45117
5.50117
5.55117
5.60117
5.65117
5.70117
5.75117
5.80117
5.85117
5.90117
5.95117
6.00117
6.05117
6.10117
6.15117
6.20117
6.25117
6.30117
6.35117
6.40117
6.45117
6.50117
6.55117
6.60117
6.65117
6.70117
6.75118
6.80118
6.85118
6.90118
6.95118
7.00118
7.05118
7.10118
7.15118
7.20118
7.25118
7.30118
7.35118
7.40118
7.45118
7.50118
7.55118
7.60118
7.65118
7.70118
7.75118
7.80118
7.85118
7.90118
7.95118
8.00118
8.05118
8.10118
8.15118
8.20119
8.25119
8.30119
8.35119
8.40119
8.45119
8.50119
8.55119
8.60119
8.65119
8.70119
8.75119
8.80119
8.85119
8.90119
8.95119
9.00119
9.05119
9.10119
9.15119
9.20119
9.25119
9.30119
9.35119
9.40119
9.45119
9.50119
9.55119
9.60119
9.6512
9.7012
9.7512
9.8012
9.8512
9.9012
9.9512
10.0012
9.9512
9.9012
9.8512
9.8012
9.7512
9.7012
9.6512
9.6012
9.5512
9.5012
9.4512
9.4012
9.3512
9.3012
9.2512
9.2012
9.1512
9.1012
9.0512
9.0012
8.9512
8.90121
8.85121
8.80121
8.75121
8.70121
8.65121
8.60121
8.55121
8.50121
8.45121
8.40121
8.35121
8.30121
8.25121
8.20121
8.15121
8.10121
8.05121
8.00121
7.95121
7.90121
7.85121
7.80121
7.75121
7.70121
7.65121
7.60121
7.55121
7.50121
7.45122
7.40122
7.35122
7.30122
7.25122
7.20122
7.15122
7.10122
7.05122
7.00122
6.95122
6.90122
6.85122
6.80122
6.75122
6.70122
6.65122
6.60122
6.55122
6.50122
6.45122
6.40122
6.35122
6.30122
6.25122
6.20122
6.15122
6.10122
6.05123
6.00123
5.95123
5.90123
5.85123
5.80123
5.75123
5.70123
5.65123
5.60123
5.55123
5.50123
5.45123
5.40123
5.35123
5.30123
5.25123
5.20123
5.15123
5.10123
5.05123
5.00123
4.95123
4.90123
4.85123
4.80123
4.75123
4.70123
4.65123
4.60124
4.55124
4.50124
4.45124
4.40124
4.35124
4.30124
4.25124
4.20124
4.15124
4.10124
4.05124
4.00124
3.95124
3.90124
3.85124
3.80124
3.75124
3.70124
3.65124
3.60124
3.55124
3.50124
3.45124
3.40124
3.35124
3.30124
3.25124
3.20125
3.15125
3.10125
3.05125
3.00125
2.95125
2.90125
2.85125
2.80125
2.75125
2.70125
2.65125
2.60125
2.55125
2.50125
2.45125
2.40125
2.35125
2.30125
2.25125
2.20125
2.15125
2.10125
2.05125
2.00125
1.95125
1.90125
1.85125
1.80125
1.75126
1.70126
1.65126
1.60126
1.55126
1.50126
1.45126
1.40126
1.35126
1.30126
1.25126
1.20126
1.15126
1.10126
1.05126
1.00126
0.951261
0.901261
0.851262
0.801262
0.751262
0.701263
0.651263
0.601263
0.551264
0.501264
0.451264
0.401265
0.351265
0.301265
0.251266
0.201266
0.151266
0.101267
0.0512672
0.00126751
-0.0487321
-0.0987318
-0.148731
-0.198731
-0.248731
-0.29873
-0.34873
-0.39873
-0.448729
-0.498729
-0.548729
-0.598728
-0.648728
-0.698728
-0.748727
-0.798727
-0.848726
-0.898726
-0.948726
-0.998725
-1.04873
-1.09872
-1.14872
-1.19872
-1.24872
-1.29872
-1.34872
-1.39872
-1.44872
-1.49872
-1.54872
-1.59872
-1.64872
-1.69872
-1.74872
-1.79872
-1.84872
-1.89872
-1.94872
-1.99872
-2.04872
-2.09872
-2.14872
-2.19872
-2.24872
-2.29872
-2.34872
-2.39872
-2.44872
-2.49871
-2.54871
-2.59871
-2.64871
-2.69871
-2.74871
-2.79871
-2.84871
-2.89871
-2.94871
-2.99871
-3.04871
-3.09871
-3.14871
-3.19871
-3.24871
-3.29871
-3.34871
-3.39871
-3.44871
-3.49871
-3.54871
-3.59871
-3.64871
-3.69871
-3.74871
-3.79871
-3.84871
-3.8987
-3.9487
-3.9987
-4.0487
-4.0987
-4.1487
-4.1987
-4.2487
-4.2987
-4.3487
-4.3987
-4.4487
-4.4987
-4.5487
-4.5987
-4.6487
-4.6987
-4.7487
-4.7987
-4.8487
-4.8987
-4.9487
-4.9987
-5.0487
-5.0987
-5.1487
-5.1987
-5.2487
-5.29869
-5.34869
-5.39869
-5.44869
-5.49869
-5.54869
-5.59869
-5.64869
-5.69869
-5.74869
-5.79869
-5.84869
-5.89869
-5.94869
-5.99869
-6.04869
-6.09869
-6.14869
-6.19869
-6.24869
-6.29869
-6.34869
-6.39869
-6.44869
-6.49869
-6.54869
-6.59869
-6.64869
-6.69868
-6.74868
-6.79868
-6.84868
-6.89868
-6.94868
-6.99868
-7.04868
-7.09868
-7.14868
-7.19868
-7.24868
